2022/03/02 12:40:30 1 [1-2] 0x00000000 7,0,0,0,31,43,0,55,1,0,20,0,[B,0,0,0,30,43,0,AA,30,0,8,0,][7,0,0,0,31,43,0,AA,1,0,20,0,]
2022/03/02 12:40:31 1 [1-2] 0x00000000 15,0,0,0,32,43,0,55,4,0,4,0,[7,0,0,0,31,43,0,AA,1,0,20,0,][15,0,0,0,32,43,0,AA,4,0,4,0,]
2022/03/02 12:40:32 1 [1-2] 0x00000000 15,0,0,0,33,43,0,55,4,0,4,0,[15,0,0,0,32,43,0,AA,4,0,4,0,][15,0,0,0,33,43,0,AA,4,0,4,0,]
2022/03/02 12:40:32 1 [1-2] 0x00000000 15,0,0,0,34,43,0,55,4,0,4,0,[15,0,0,0,33,43,0,AA,4,0,4,0,][15,0,0,0,34,43,0,AA,4,0,4,0,]
2022/03/02 12:40:32 1 [1-2] 0x00000000 15,0,0,0,35,43,0,55,4,0,4,0,[15,0,0,0,34,43,0,AA,4,0,4,0,][15,0,0,0,35,43,0,AA,4,0,4,0,]
2022/03/02 12:40:32 1 [1-2] 0x00000000 15,0,0,0,36,43,0,55,4,0,4,0,[15,0,0,0,35,43,0,AA,4,0,4,0,][15,0,0,0,36,43,0,AA,4,0,4,0,]
2022/03/02 12:40:32 1 [1-2] 0x00000000 15,0,0,0,37,43,0,55,4,0,4,0,[15,0,0,0,36,43,0,AA,4,0,4,0,][15,0,0,0,37,43,0,AA,4,0,4,0,]
2022/03/02 12:40:32 1 [1-2] 0x00000000 15,0,0,0,38,43,0,55,4,0,4,0,[15,0,0,0,37,43,0,AA,4,0,4,0,][15,0,0,0,38,43,0,AA,4,0,4,0,]
2022/03/02 12:40:33 1 [1-2] 0x00000000 15,0,0,0,39,43,0,55,4,0,4,0,[15,0,0,0,38,43,0,AA,4,0,4,0,][15,0,0,0,39,43,0,AA,4,0,4,0,]
2022/03/02 12:40:33 1 [1-2] 0x00000000 15,0,0,0,3A,43,0,55,4,0,4,0,[15,0,0,0,39,43,0,AA,4,0,4,0,][15,0,0,0,3A,43,0,AA,4,0,4,0,]
2022/03/02 12:40:36 1 [1-2] 0x00000000 7,0,0,0,3B,43,0,55,2,0,20,0,[15,0,0,0,3A,43,0,AA,4,0,4,0,][7,0,0,0,3B,43,0,AA,2,0,20,0,]
2022/03/02 12:40:36 1 [1-2] 0x00000000 15,0,0,0,3C,43,0,55,4,0,4,0,[7,0,0,0,3B,43,0,AA,2,0,20,0,][15,0,0,0,3C,43,0,AA,4,0,4,0,]
2022/03/02 12:40:38 1 [1-2] 0x00000000 B,0,0,0,3D,43,0,55,30,0,8,0,[15,0,0,0,3C,43,0,AA,4,0,4,0,][B,0,0,0,3D,43,0,AA,30,0,8,0,]
2022/03/02 12:40:44 1 [1-2] 0x00000000 7,0,0,0,3E,43,0,55,1,0,20,0,[B,0,0,0,3D,43,0,AA,30,0,8,0,][7,0,0,0,3E,43,0,AA,1,0,20,0,]
2022/03/02 12:40:44 1 [1-2] 0x00000000 15,0,0,0,3F,43,0,55,4,0,4,0,[7,0,0,0,3E,43,0,AA,1,0,20,0,][15,0,0,0,3F,43,0,AA,4,0,4,0,]
2022/03/02 12:40:45 1 [1-2] 0x00000000 15,0,0,0,40,43,0,55,4,0,4,0,[15,0,0,0,3F,43,0,AA,4,0,4,0,][15,0,0,0,40,43,0,AA,4,0,4,0,]
2022/03/02 12:40:45 1 [1-2] 0x00000000 15,0,0,0,41,43,0,55,4,0,4,0,[15,0,0,0,40,43,0,AA,4,0,4,0,][15,0,0,0,41,43,0,AA,4,0,4,0,]
2022/03/02 12:40:45 1 [1-2] 0x00000000 15,0,0,0,42,43,0,55,4,0,4,0,[15,0,0,0,41,43,0,AA,4,0,4,0,][15,0,0,0,42,43,0,AA,4,0,4,0,]
2022/03/02 12:40:46 1 [1-2] 0x00000000 15,0,0,0,43,43,0,55,4,0,4,0,[15,0,0,0,42,43,0,AA,4,0,4,0,][15,0,0,0,43,43,0,AA,4,0,4,0,]
2022/03/02 12:40:46 1 [1-2] 0x00000000 15,0,0,0,44,43,0,55,4,0,4,0,[15,0,0,0,43,43,0,AA,4,0,4,0,][15,0,0,0,44,43,0,AA,4,0,4,0,]
2022/03/02 12:40:46 1 [1-2] 0x00000000 15,0,0,0,45,43,0,55,4,0,4,0,[15,0,0,0,44,43,0,AA,4,0,4,0,][15,0,0,0,45,43,0,AA,4,0,4,0,]
2022/03/02 12:40:46 1 [1-2] 0x00000000 15,0,0,0,46,43,0,55,4,0,4,0,[15,0,0,0,45,43,0,AA,4,0,4,0,][15,0,0,0,46,43,0,AA,4,0,4,0,]
2022/03/02 12:40:47 1 [1-2] 0x00000000 15,0,0,0,47,43,0,55,4,0,4,0,[15,0,0,0,46,43,0,AA,4,0,4,0,][15,0,0,0,47,43,0,AA,4,0,4,0,]
2022/03/02 12:40:51 1 [1-2] 0x00000000 7,0,0,0,48,43,0,55,2,0,20,0,[15,0,0,0,47,43,0,AA,4,0,4,0,][7,0,0,0,48,43,0,AA,2,0,20,0,]
2022/03/02 12:40:51 1 [1-2] 0x00000000 15,0,0,0,49,43,0,55,4,0,4,0,[7,0,0,0,48,43,0,AA,2,0,20,0,][15,0,0,0,49,43,0,AA,4,0,4,0,]
2022/03/02 12:40:53 1 [1-2] 0x00000000 B,0,0,0,4A,43,0,55,30,0,8,0,[15,0,0,0,49,43,0,AA,4,0,4,0,][B,0,0,0,4A,43,0,AA,30,0,8,0,]
2022/03/02 12:40:54 1 [1-2] 0x00000000 7,0,0,0,4B,43,0,55,1,0,20,0,[B,0,0,0,4A,43,0,AA,30,0,8,0,][7,0,0,0,4B,43,0,AA,1,0,20,0,]
2022/03/02 12:40:55 1 [1-2] 0x00000000 15,0,0,0,4C,43,0,55,C0,AB,4,0,[7,0,0,0,4B,43,0,AA,1,0,20,0,][15,0,0,0,4C,43,0,AA,C0,AB,4,0,]
2022/03/02 12:40:55 1 [1-2] 0x00000000 15,0,0,0,4D,43,0,55,4,0,4,0,[15,0,0,0,4C,43,0,AA,C0,AB,4,0,][15,0,0,0,4D,43,0,AA,4,0,4,0,]
2022/03/02 12:40:55 1 [1-2] 0x00000000 15,0,0,0,4E,43,0,55,4,0,4,0,[15,0,0,0,4D,43,0,AA,4,0,4,0,][15,0,0,0,4E,43,0,AA,4,0,4,0,]
2022/03/02 12:40:56 1 [1-2] 0x00000000 15,0,0,0,4F,43,0,55,4,0,4,0,[15,0,0,0,4E,43,0,AA,4,0,4,0,][15,0,0,0,4F,43,0,AA,4,0,4,0,]
2022/03/02 12:40:56 1 [1-2] 0x00000000 15,0,0,0,50,43,0,55,4,0,4,0,[15,0,0,0,4F,43,0,AA,4,0,4,0,][15,0,0,0,50,43,0,AA,4,0,4,0,]
2022/03/02 12:40:56 1 [1-2] 0x00000000 15,0,0,0,51,43,0,55,4,0,4,0,[15,0,0,0,50,43,0,AA,4,0,4,0,][15,0,0,0,51,43,0,AA,4,0,4,0,]
2022/03/02 12:40:56 1 [1-2] 0x00000000 15,0,0,0,52,43,0,55,4,0,4,0,[15,0,0,0,51,43,0,AA,4,0,4,0,][15,0,0,0,52,43,0,AA,4,0,4,0,]
2022/03/02 12:40:56 1 [1-2] 0x00000000 15,0,0,0,53,43,0,55,4,0,4,0,[15,0,0,0,52,43,0,AA,4,0,4,0,][15,0,0,0,53,43,0,AA,4,0,4,0,]
2022/03/02 12:40:57 1 [1-2] 0x00000000 15,0,0,0,54,43,0,55,4,0,4,0,[15,0,0,0,53,43,0,AA,4,0,4,0,][15,0,0,0,54,43,0,AA,4,0,4,0,]
2022/03/02 12:40:59 1 [1-2] 0x00000000 7,0,0,0,55,43,0,55,2,0,20,0,[15,0,0,0,54,43,0,AA,4,0,4,0,][7,0,0,0,55,43,0,AA,2,0,20,0,]
2022/03/02 12:40:59 1 [1-2] 0x00000000 15,0,0,0,56,43,0,55,4,0,4,0,[7,0,0,0,55,43,0,AA,2,0,20,0,][15,0,0,0,56,43,0,AA,4,0,4,0,]
2022/03/02 12:41:01 1 [1-2] 0x00000000 B,0,0,0,57,43,0,55,30,0,8,0,[15,0,0,0,56,43,0,AA,4,0,4,0,][B,0,0,0,57,43,0,AA,30,0,8,0,]
2022/03/02 12:41:03 1 [1-2] 0x00000000 7,0,0,0,58,43,0,55,1,0,20,0,[B,0,0,0,57,43,0,AA,30,0,8,0,][7,0,0,0,58,43,0,AA,1,0,20,0,]
2022/03/02 12:41:03 1 [1-2] 0x00000000 15,0,0,0,59,43,0,55,4,0,4,0,[7,0,0,0,58,43,0,AA,1,0,20,0,][15,0,0,0,59,43,0,AA,4,0,4,0,]
2022/03/02 12:41:04 1 [1-2] 0x00000000 15,0,0,0,5A,43,0,55,4,0,4,0,[15,0,0,0,59,43,0,AA,4,0,4,0,][15,0,0,0,5A,43,0,AA,4,0,4,0,]
2022/03/02 12:41:04 1 [1-2] 0x00000000 15,0,0,0,5B,43,0,55,4,0,4,0,[15,0,0,0,5A,43,0,AA,4,0,4,0,][15,0,0,0,5B,43,0,AA,4,0,4,0,]
2022/03/02 12:41:05 1 [1-2] 0x00000000 15,0,0,0,5C,43,0,55,4,0,4,0,[15,0,0,0,5B,43,0,AA,4,0,4,0,][15,0,0,0,5C,43,0,AA,4,0,4,0,]
2022/03/02 12:41:05 1 [1-2] 0x00000000 15,0,0,0,5D,43,0,55,4,0,4,0,[15,0,0,0,5C,43,0,AA,4,0,4,0,][15,0,0,0,5D,43,0,AA,4,0,4,0,]
2022/03/02 12:41:05 1 [1-2] 0x00000000 15,0,0,0,5E,43,0,55,4,0,4,0,[15,0,0,0,5D,43,0,AA,4,0,4,0,][15,0,0,0,5E,43,0,AA,4,0,4,0,]
2022/03/02 12:41:05 1 [1-2] 0x00000000 15,0,0,0,5F,43,0,55,4,0,4,0,[15,0,0,0,5E,43,0,AA,4,0,4,0,][15,0,0,0,5F,43,0,AA,4,0,4,0,]
2022/03/02 12:41:05 1 [1-2] 0x00000000 15,0,0,0,60,43,0,55,4,0,4,0,[15,0,0,0,5F,43,0,AA,4,0,4,0,][15,0,0,0,60,43,0,AA,4,0,4,0,]
2022/03/02 12:41:06 1 [1-2] 0x00000000 15,0,0,0,61,43,0,55,4,0,4,0,[15,0,0,0,60,43,0,AA,4,0,4,0,][15,0,0,0,61,43,0,AA,4,0,4,0,]
2022/03/02 12:41:10 1 [1-2] 0x00000000 7,0,0,0,62,43,0,55,2,0,20,0,[15,0,0,0,61,43,0,AA,4,0,4,0,][7,0,0,0,62,43,0,AA,2,0,20,0,]
2022/03/02 12:41:10 1 [1-2] 0x00000000 15,0,0,0,63,43,0,55,4,0,4,0,[7,0,0,0,62,43,0,AA,2,0,20,0,][15,0,0,0,63,43,0,AA,4,0,4,0,]
2022/03/02 12:41:12 1 [1-2] 0x00000000 B,0,0,0,64,43,0,55,30,0,8,0,[15,0,0,0,63,43,0,AA,4,0,4,0,][B,0,0,0,64,43,0,AA,30,0,8,0,]
2022/03/02 12:41:18 1 [1-2] 0x00000000 7,0,0,0,65,43,0,55,2,0,20,0,[B,0,0,0,64,43,0,AA,30,0,8,0,][7,0,0,0,65,43,0,AA,2,0,20,0,]
2022/03/02 12:41:18 1 [1-2] 0x00000000 15,0,0,0,66,43,0,55,4,0,4,0,[7,0,0,0,65,43,0,AA,2,0,20,0,][15,0,0,0,66,43,0,AA,4,0,4,0,]
2022/03/02 12:41:19 1 [1-2] 0x00000000 15,0,0,0,67,43,0,55,4,0,4,0,[15,0,0,0,66,43,0,AA,4,0,4,0,][15,0,0,0,67,43,0,AA,4,0,4,0,]
2022/03/02 12:41:19 1 [1-2] 0x00000000 15,0,0,0,68,43,0,55,4,0,4,0,[15,0,0,0,67,43,0,AA,4,0,4,0,][15,0,0,0,68,43,0,AA,4,0,4,0,]
2022/03/02 12:41:20 1 [1-2] 0x00000000 15,0,0,0,69,43,0,55,4,0,4,0,[15,0,0,0,68,43,0,AA,4,0,4,0,][15,0,0,0,69,43,0,AA,4,0,4,0,]
2022/03/02 12:41:20 1 [1-2] 0x00000000 15,0,0,0,6A,43,0,55,4,0,4,0,[15,0,0,0,69,43,0,AA,4,0,4,0,][15,0,0,0,6A,43,0,AA,4,0,4,0,]
2022/03/02 12:41:20 1 [1-2] 0x00000000 15,0,0,0,6B,43,0,55,4,0,4,0,[15,0,0,0,6A,43,0,AA,4,0,4,0,][15,0,0,0,6B,43,0,AA,4,0,4,0,]
2022/03/02 12:41:20 1 [1-2] 0x00000000 15,0,0,0,6C,43,0,55,4,0,4,0,[15,0,0,0,6B,43,0,AA,4,0,4,0,][15,0,0,0,6C,43,0,AA,4,0,4,0,]
2022/03/02 12:41:20 1 [1-2] 0x00000000 15,0,0,0,6D,43,0,55,4,0,4,0,[15,0,0,0,6C,43,0,AA,4,0,4,0,][15,0,0,0,6D,43,0,AA,4,0,4,0,]
2022/03/02 12:41:21 1 [1-2] 0x00000000 15,0,0,0,6E,43,0,55,4,0,4,0,[15,0,0,0,6D,43,0,AA,4,0,4,0,][15,0,0,0,6E,43,0,AA,4,0,4,0,]
2022/03/02 12:41:24 1 [1-2] 0x00000000 7,0,0,0,6F,43,0,55,C0,AB,20,0,[15,0,0,0,6E,43,0,AA,4,0,4,0,][7,0,0,0,6F,43,0,AA,C0,AB,20,0,]
2022/03/02 12:41:24 1 [1-2] 0x00000000 15,0,0,0,70,43,0,55,4,0,4,0,[7,0,0,0,6F,43,0,AA,C0,AB,20,0,][15,0,0,0,70,43,0,AA,4,0,4,0,]
2022/03/02 12:41:26 1 [1-2] 0x00000000 B,0,0,0,71,43,0,55,30,0,8,0,[15,0,0,0,70,43,0,AA,4,0,4,0,][B,0,0,0,71,43,0,AA,30,0,8,0,]
2022/03/02 12:41:28 1 [1-2] 0x00000000 7,0,0,0,72,43,0,55,2,0,20,0,[B,0,0,0,71,43,0,AA,30,0,8,0,][7,0,0,0,72,43,0,AA,2,0,20,0,]
2022/03/02 12:41:28 1 [1-2] 0x00000000 15,0,0,0,73,43,0,55,4,0,4,0,[7,0,0,0,72,43,0,AA,2,0,20,0,][15,0,0,0,73,43,0,AA,4,0,4,0,]
2022/03/02 12:41:29 1 [1-2] 0x00000000 15,0,0,0,74,43,0,55,4,0,4,0,[15,0,0,0,73,43,0,AA,4,0,4,0,][15,0,0,0,74,43,0,AA,4,0,4,0,]
2022/03/02 12:41:29 1 [1-2] 0x00000000 15,0,0,0,75,43,0,55,4,0,4,0,[15,0,0,0,74,43,0,AA,4,0,4,0,][15,0,0,0,75,43,0,AA,4,0,4,0,]
2022/03/02 12:41:29 1 [1-2] 0x00000000 15,0,0,0,76,43,0,55,4,0,4,0,[15,0,0,0,75,43,0,AA,4,0,4,0,][15,0,0,0,76,43,0,AA,4,0,4,0,]
2022/03/02 12:41:29 1 [1-2] 0x00000000 15,0,0,0,77,43,0,55,4,0,4,0,[15,0,0,0,76,43,0,AA,4,0,4,0,][15,0,0,0,77,43,0,AA,4,0,4,0,]
2022/03/02 12:41:30 1 [1-2] 0x00000000 15,0,0,0,78,43,0,55,4,0,4,0,[15,0,0,0,77,43,0,AA,4,0,4,0,][15,0,0,0,78,43,0,AA,4,0,4,0,]
2022/03/02 12:41:30 1 [1-2] 0x00000000 15,0,0,0,79,43,0,55,4,0,4,0,[15,0,0,0,78,43,0,AA,4,0,4,0,][15,0,0,0,79,43,0,AA,4,0,4,0,]
2022/03/02 12:41:30 1 [1-2] 0x00000000 15,0,0,0,7A,43,0,55,4,0,4,0,[15,0,0,0,79,43,0,AA,4,0,4,0,][15,0,0,0,7A,43,0,AA,4,0,4,0,]
2022/03/02 12:41:31 1 [1-2] 0x00000000 15,0,0,0,7B,43,0,55,4,0,4,0,[15,0,0,0,7A,43,0,AA,4,0,4,0,][15,0,0,0,7B,43,0,AA,4,0,4,0,]
2022/03/02 12:41:34 1 [1-2] 0x00000000 7,0,0,0,7C,43,0,55,2,0,20,0,[15,0,0,0,7B,43,0,AA,4,0,4,0,][7,0,0,0,7C,43,0,AA,2,0,20,0,]
2022/03/02 12:41:34 1 [1-2] 0x00000000 15,0,0,0,7D,43,0,55,4,0,4,0,[7,0,0,0,7C,43,0,AA,2,0,20,0,][15,0,0,0,7D,43,0,AA,4,0,4,0,]
2022/03/02 12:41:37 1 [1-2] 0x00000000 3,0,0,0,7E,43,0,55,1,0,4,0,[15,0,0,0,7D,43,0,AA,4,0,4,0,][3,0,0,0,7E,43,0,AA,1,0,4,0,]
2022/03/02 12:41:37 1 [1-2] 0x00000000 1,0,0,0,7F,43,1,55,1,0,8,0,[3,0,0,0,7E,43,0,AA,1,0,4,0,][1,0,0,0,7F,43,1,AA,1,0,8,0,]
2022/03/02 12:41:37 1 [1-1] 0x00000000 15,0,0,0,80,43,0,55,4,0,4,0,[15,0,0,0,80,43,0,AA,4,0,4,0,][0,0,0,0,0,0,0,0,0,0,0,0,]
2022/03/02 12:41:38 1 [1-2] 0x00000000 15,0,0,0,81,43,0,55,0,0,4,0,[15,0,0,0,80,43,0,AA,4,0,4,0,][15,0,0,0,81,43,0,AA,0,0,4,0,]
2022/03/02 12:39:30 1 [1-2] 0x00000000 15,0,0,0,1E,43,0,55,4,0,4,0,[15,0,0,0,1D,43,0,AA,4,0,4,0,][15,0,0,0,1E,43,0,AA,4,0,4,0,]
2022/03/02 12:39:30 1 [1-2] 0x00000000 15,0,0,0,1F,43,0,55,0,0,4,0,[15,0,0,0,1E,43,0,AA,4,0,4,0,][15,0,0,0,1F,43,0,AA,0,0,4,0,]
2022/03/02 12:39:47 1 [1-2] 0x00000000 3,0,0,0,20,43,0,55,0,0,4,0,[15,0,0,0,1F,43,0,AA,0,0,4,0,][3,0,0,0,20,43,0,AA,0,0,4,0,]
2022/03/02 12:39:47 1 [1-2] 0x00000000 1,0,0,0,21,43,1,55,C0,AB,8,0,[3,0,0,0,20,43,0,AA,0,0,4,0,][1,0,0,0,21,43,1,AA,C0,AB,8,0,]
2022/03/02 12:39:47 1 [1-1] 0x00000000 15,0,0,0,22,43,0,55,0,0,4,0,[15,0,0,0,22,43,0,AA,0,0,4,0,][0,0,0,0,0,0,0,0,0,0,0,0,]
2022/03/02 12:39:50 1 [1-2] 0x00000000 B,0,0,0,23,43,0,55,30,0,8,0,[15,0,0,0,22,43,0,AA,0,0,4,0,][B,0,0,0,23,43,0,AA,30,0,8,0,]
2022/03/02 12:40:13 1 [1-2] 0x00000000 7,0,0,0,24,43,0,55,1,0,20,0,[B,0,0,0,23,43,0,AA,30,0,8,0,][7,0,0,0,24,43,0,AA,1,0,20,0,]
2022/03/02 12:40:13 1 [1-2] 0x00000000 15,0,0,0,25,43,0,55,4,0,4,0,[7,0,0,0,24,43,0,AA,1,0,20,0,][15,0,0,0,25,43,0,AA,4,0,4,0,]
2022/03/02 12:40:16 1 [1-2] 0x00000000 15,0,0,0,26,43,0,55,4,0,4,0,[15,0,0,0,25,43,0,AA,4,0,4,0,][15,0,0,0,26,43,0,AA,4,0,4,0,]
2022/03/02 12:40:17 1 [1-2] 0x00000000 15,0,0,0,27,43,0,55,4,0,4,0,[15,0,0,0,26,43,0,AA,4,0,4,0,][15,0,0,0,27,43,0,AA,4,0,4,0,]
2022/03/02 12:40:18 1 [1-2] 0x00000000 15,0,0,0,28,43,0,55,4,0,4,0,[15,0,0,0,27,43,0,AA,4,0,4,0,][15,0,0,0,28,43,0,AA,4,0,4,0,]
2022/03/02 12:40:20 1 [1-2] 0x00000000 15,0,0,0,29,43,0,55,4,0,4,0,[15,0,0,0,28,43,0,AA,4,0,4,0,][15,0,0,0,29,43,0,AA,4,0,4,0,]
2022/03/02 12:40:20 1 [1-2] 0x00000000 15,0,0,0,2A,43,0,55,4,0,4,0,[15,0,0,0,29,43,0,AA,4,0,4,0,][15,0,0,0,2A,43,0,AA,4,0,4,0,]
2022/03/02 12:40:20 1 [1-2] 0x00000000 15,0,0,0,2B,43,0,55,4,0,4,0,[15,0,0,0,2A,43,0,AA,4,0,4,0,][15,0,0,0,2B,43,0,AA,4,0,4,0,]
2022/03/02 12:40:21 1 [1-2] 0x00000000 15,0,0,0,2C,43,0,55,4,0,4,0,[15,0,0,0,2B,43,0,AA,4,0,4,0,][15,0,0,0,2C,43,0,AA,4,0,4,0,]
2022/03/02 12:40:21 1 [1-2] 0x00000000 15,0,0,0,2D,43,0,55,4,0,4,0,[15,0,0,0,2C,43,0,AA,4,0,4,0,][15,0,0,0,2D,43,0,AA,4,0,4,0,]
2022/03/02 12:40:25 1 [1-2] 0x00000000 7,0,0,0,2E,43,0,55,2,0,20,0,[15,0,0,0,2D,43,0,AA,4,0,4,0,][7,0,0,0,2E,43,0,AA,2,0,20,0,]
2022/03/02 12:40:25 1 [1-2] 0x00000000 15,0,0,0,2F,43,0,55,4,0,4,0,[7,0,0,0,2E,43,0,AA,2,0,20,0,][15,0,0,0,2F,43,0,AA,4,0,4,0,]
2022/03/02 12:40:27 1 [1-2] 0x00000000 B,0,0,0,30,43,0,55,30,0,8,0,[15,0,0,0,2F,43,0,AA,4,0,4,0,][B,0,0,0,30,43,0,AA,30,0,8,0,]
