2022/03/02, 12:41:38, [    8],[    1],71,C6,0,0,30,0,2E,0,70,0,2A,0,DC,0,1,0,1,0,0,1,0,0,3,1C,0,0,53,55,42,20,74,61,73,6B,20,72,65,73,74,61,72,74,20,69,6D,70,6F,73,73,69,62,6C,65,20,
2022/03/02, 12:41:41, [  121],[    1],72,C6,0,0,10,0,E,0,70,0,A,0,DC,0,1,0,1,0,0,0,0,0,
0000/00/00, 00:00:00, [65535],[    0],0,0,0,0,0,0,
2022/03/02, 12:40:32, [    7],[    1],10,C6,0,0,48,0,E,0,5B,0,0,2,1,0,4,0,3,0,0,0,0,0,E,0,5C,0,0,2,1,0,4,1C,4,7,11,0,0,0,1A,0,52,0,0,0,0,0,2,0,C,0,0,0,2,0,0,0,E,0,0,0,0,0,0,0,1,0,A,0,53,0,1,E,0,0,0,2,0,1,
2022/03/02, 12:40:32, [    6],[    1],11,C6,0,0,48,0,E,0,5B,0,0,2,1,0,4,0,4,0,0,0,0,0,E,0,5C,0,0,2,1,0,4,1C,5,8,11,0,0,0,1A,0,52,0,0,0,0,0,2,0,C,0,0,0,2,0,0,0,E,0,0,0,0,0,0,0,1,0,A,0,53,0,1,E,0,0,0,2,0,1,
2022/03/02, 12:40:32, [    5],[    1],12,C6,0,0,48,0,E,0,5B,0,0,2,1,0,4,0,5,0,0,0,0,0,E,0,5C,0,0,2,1,0,4,1C,6,6,11,0,0,0,1A,0,52,0,0,0,0,0,2,0,C,0,0,0,2,0,0,0,E,0,0,0,0,0,0,0,1,0,A,0,53,0,1,E,0,0,0,2,0,1,
2022/03/02, 12:40:33, [    7],[    1],13,C6,0,0,48,0,E,0,5B,0,0,2,1,0,4,0,6,0,0,0,0,0,E,0,5C,0,0,2,1,0,4,1C,7,6,11,0,0,0,1A,0,52,0,0,0,0,0,2,0,C,0,0,0,2,0,0,0,E,0,0,0,0,0,0,0,1,0,A,0,53,0,1,E,0,0,0,2,0,1,
2022/03/02, 12:40:33, [    7],[    1],14,C6,0,0,48,0,E,0,5B,0,0,2,1,0,4,0,7,0,0,0,0,0,E,0,5C,0,0,2,1,0,4,1C,8,6,11,0,0,0,1A,0,52,0,0,0,0,0,2,0,C,0,0,0,2,0,0,0,E,0,0,0,0,0,0,0,1,0,A,0,53,0,1,E,0,0,0,2,0,1,
2022/03/02, 12:40:34, [   33],[    1],15,C6,0,0,34,1,32,1,70,0,2E,1,C5,0,1,0,1,0,0,0,CB,0,1,0,5,0,0,0,0,0,0,0,0,0,A,0,0,0,0,0,0,0,0,0,0,0,0,0,0,0,0,40,CF,40,6,0,0,0,0,0,0,0,0,0,0,0,1,0,0,0,0,0,0,0,0,0,0,0,0,0,0,0,0,0,0,0,0,0,0,0,0,0,0,0,0,0,0,0,0,0,0,0,0,0,0,0,0,0,0,0,0,0,0,0,0,0,0,0,0,0,0,0,0,0,0,0,0,0,0,0,0,0,0,0,0,0,0,0,0,0,0,0,0,0,0,0,0,0,0,0,0,0,0,0,0,0,0,0,0,0,0,0,0,0,0,0,0,0,0,0,0,0,0,0,0,0,0,0,0,0,0,0,0,0,0,0,0,0,0,0,0,0,0,0,0,0,0,0,0,0,0,0,0,0,0,0,0,0,0,0,0,0,0,0,0,0,0,0,0,0,0,0,0,0,0,0,0,0,0,0,0,0,0,0,0,0,0,0,0,0,0,0,0,0,0,0,0,0,0,0,0,0,0,0,0,0,0,0,0,0,0,0,0,0,0,0,0,0,0,0,0,0,0,0,0,0,0,0,0,0,0,0,0,0,0,0,0,0,0,0,0,0,0,0,0,0,0,0,0,0,0,0,0,0,0,0,0,0,0,0,0,0,0,0,
2022/03/02, 12:40:36, [  108],[    1],16,C6,0,0,E,0,C,0,70,0,8,0,C6,0,1,0,1,0,0,0,
2022/03/02, 12:40:36, [    1],[    1],17,C6,0,0,5C,0,32,0,5B,0,0,2,1,0,1,3,8,26,7,66,20,43,55,54,54,49,4E,47,20,53,50,45,45,44,20,20,20,20,20,20,20,20,20,20,20,32,35,2E,30,20,6D,6D,2F,73,65,63,0,0,1A,0,52,0,0,0,0,0,2,0,C,0,0,0,2,0,0,0,E,0,0,0,0,0,0,0,1,0,A,0,53,0,1,E,0,0,0,2,0,1,
2022/03/02, 12:40:36, [    5],[    1],18,C6,0,0,4C,0,4A,0,70,0,46,0,D1,0,1,0,1,0,0,0,0,0,0,0,0,0,0,0,0,0,0,0,0,0,1,0,0,0,0,0,0,0,0,0,0,0,0,0,0,0,0,0,0,0,2,0,2,0,1,0,5,0,1,0,0,0,2,0,2,0,0,0,FF,FF,FF,FF,FF,FF,FF,FF,FF,FF,
2022/03/02, 12:40:37, [   42],[    1],19,C6,0,0,4C,0,4A,0,70,0,46,0,D1,0,1,0,1,0,0,0,0,0,0,0,0,0,0,0,0,0,0,0,0,0,1,0,0,0,0,0,0,0,0,0,0,0,0,0,0,0,0,0,0,0,2,0,2,0,1,0,5,0,1,0,0,0,0,0,2,0,0,0,FF,FF,FF,FF,FF,FF,FF,FF,FF,FF,
2022/03/02, 12:40:38, [   21],[    1],1A,C6,0,0,34,1,32,1,70,0,2E,1,C5,0,1,0,1,0,0,0,CB,0,1,80,5,0,0,0,0,0,0,0,0,0,1,0,0,0,0,0,0,0,0,0,F0,3F,0,0,0,0,0,0,69,40,5,0,0,0,0,0,0,0,12,0,0,0,1,0,0,0,46,6F,72,6D,5F,63,75,74,5F,66,69,6C,65,5F,6E,6F,2E,3D,0,0,0,0,0,0,0,0,0,0,0,0,0,0,0,0,0,0,0,0,0,0,0,0,0,0,0,0,0,0,0,0,0,0,0,0,0,0,0,0,0,0,0,0,0,0,0,0,0,0,0,0,0,0,0,0,0,0,0,0,0,0,0,0,0,0,0,0,0,0,0,0,0,0,0,0,0,0,0,0,0,0,0,0,0,0,0,0,0,0,0,0,0,0,0,0,0,0,0,0,0,0,0,0,0,0,0,0,0,0,0,0,0,0,46,6F,72,6D,5F,63,75,74,5F,66,69,6C,65,5F,6E,6F,2E,3D,0,0,0,0,0,0,0,0,0,0,0,0,0,0,0,0,0,0,0,0,0,0,0,0,0,0,0,0,0,0,0,0,0,0,0,0,0,0,0,0,0,0,0,0,0,0,0,0,0,0,0,0,0,0,0,0,0,0,0,0,0,0,0,0,0,0,0,0,0,0,0,0,0,0,0,0,0,0,0,0,0,0,0,0,0,0,0,0,0,0,0,0,0,0,
2022/03/02, 12:40:44, [  246],[    1],1B,C6,0,0,E,0,C,0,70,0,8,0,C6,0,1,0,1,0,0,0,
2022/03/02, 12:40:44, [    1],[    1],1C,C6,0,0,BC,0,1E,0,5B,0,0,1,1,0,1,2,1,11,43,4F,4E,44,20,4E,4F,2E,3A,20,37,20,2F,20,32,30,30,0,0,0,5A,0,5B,0,0,2,2,0,1,3,1,23,7,66,20,52,41,44,49,55,53,20,20,20,20,20,20,20,20,20,20,20,20,20,20,20,20,20,20,32,2E,32,30,30,20,6D,6D,0,5,3,8,26,7,66,20,43,55,54,54,49,4E,47,20,53,50,45,45,44,20,20,20,20,20,20,20,20,20,20,20,31,30,2E,30,20,6D,6D,2F,73,65,63,0,0,E,0,5C,0,0,2,1,0,4,C,0,9,11,0,0,0,1A,0,52,0,0,0,0,0,3,0,C,1,0,0,2,0,0,0,E,0,0,0,0,0,0,0,1,0,A,0,53,0,1,E,0,0,0,3,0,1,6,0,5A,0,1,0,2,4,
2022/03/02, 12:40:45, [   37],[    1],1D,C6,0,0,48,0,E,0,5B,0,0,2,1,0,4,0,0,0,0,0,0,0,E,0,5C,0,0,2,1,0,4,1C,1,7,11,0,0,0,1A,0,52,0,0,0,0,0,2,0,C,0,0,0,2,0,0,0,E,0,0,0,0,0,0,0,1,0,A,0,53,0,1,E,0,0,0,2,0,1,
2022/03/02, 12:40:45, [    7],[    1],1E,C6,0,0,48,0,E,0,5B,0,0,2,1,0,4,0,1,0,0,0,0,0,E,0,5C,0,0,2,1,0,4,1C,2,7,11,0,0,0,1A,0,52,0,0,0,0,0,2,0,C,0,0,0,2,0,0,0,E,0,0,0,0,0,0,0,1,0,A,0,53,0,1,E,0,0,0,2,0,1,
2022/03/02, 12:40:45, [    8],[    1],1F,C6,0,0,48,0,E,0,5B,0,0,2,1,0,4,0,2,0,0,0,0,0,E,0,5C,0,0,2,1,0,4,1C,3,7,11,0,0,0,1A,0,52,0,0,0,0,0,2,0,C,0,0,0,2,0,0,0,E,0,0,0,0,0,0,0,1,0,A,0,53,0,1,E,0,0,0,2,0,1,
2022/03/02, 12:40:46, [    5],[    1],20,C6,0,0,48,0,E,0,5B,0,0,2,1,0,4,0,3,0,0,0,0,0,E,0,5C,0,0,2,1,0,4,1C,4,7,11,0,0,0,1A,0,52,0,0,0,0,0,2,0,C,0,0,0,2,0,0,0,E,0,0,0,0,0,0,0,1,0,A,0,53,0,1,E,0,0,0,2,0,1,
2022/03/02, 12:40:46, [    8],[    1],21,C6,0,0,48,0,E,0,5B,0,0,2,1,0,4,0,4,0,0,0,0,0,E,0,5C,0,0,2,1,0,4,1C,5,8,11,0,0,0,1A,0,52,0,0,0,0,0,2,0,C,0,0,0,2,0,0,0,E,0,0,0,0,0,0,0,1,0,A,0,53,0,1,E,0,0,0,2,0,1,
2022/03/02, 12:40:46, [    7],[    1],22,C6,0,0,48,0,E,0,5B,0,0,2,1,0,4,0,5,0,0,0,0,0,E,0,5C,0,0,2,1,0,4,1C,6,6,11,0,0,0,1A,0,52,0,0,0,0,0,2,0,C,0,0,0,2,0,0,0,E,0,0,0,0,0,0,0,1,0,A,0,53,0,1,E,0,0,0,2,0,1,
2022/03/02, 12:40:46, [   12],[    1],23,C6,0,0,48,0,E,0,5B,0,0,2,1,0,4,0,6,0,0,0,0,0,E,0,5C,0,0,2,1,0,4,1C,7,6,11,0,0,0,1A,0,52,0,0,0,0,0,2,0,C,0,0,0,2,0,0,0,E,0,0,0,0,0,0,0,1,0,A,0,53,0,1,E,0,0,0,2,0,1,
2022/03/02, 12:40:47, [   13],[    1],24,C6,0,0,48,0,E,0,5B,0,0,2,1,0,4,0,7,0,0,0,0,0,E,0,5C,0,0,2,1,0,4,1C,8,6,11,0,0,0,1A,0,52,0,0,0,0,0,2,0,C,0,0,0,2,0,0,0,E,0,0,0,0,0,0,0,1,0,A,0,53,0,1,E,0,0,0,2,0,1,
2022/03/02, 12:40:47, [   14],[    1],25,C6,0,0,34,1,32,1,70,0,2E,1,C5,0,1,0,1,0,0,0,CB,0,1,0,5,0,0,0,0,0,0,0,0,0,A,0,0,0,0,0,0,0,0,0,0,0,0,0,0,0,0,40,CF,40,6,0,0,0,0,0,0,0,0,0,0,0,1,0,0,0,0,0,0,0,0,0,0,0,0,0,0,0,0,0,0,0,0,0,0,0,0,0,0,0,0,0,0,0,0,0,0,0,0,0,0,0,0,0,0,0,0,0,0,0,0,0,0,0,0,0,0,0,0,0,0,0,0,0,0,0,0,0,0,0,0,0,0,0,0,0,0,0,0,0,0,0,0,0,0,0,0,0,0,0,0,0,0,0,0,0,0,0,0,0,0,0,0,0,0,0,0,0,0,0,0,0,0,0,0,0,0,0,0,0,0,0,0,0,0,0,0,0,0,0,0,0,0,0,0,0,0,0,0,0,0,0,0,0,0,0,0,0,0,0,0,0,0,0,0,0,0,0,0,0,0,0,0,0,0,0,0,0,0,0,0,0,0,0,0,0,0,0,0,0,0,0,0,0,0,0,0,0,0,0,0,0,0,0,0,0,0,0,0,0,0,0,0,0,0,0,0,0,0,0,0,0,0,0,0,0,0,0,0,0,0,0,0,0,0,0,0,0,0,0,0,0,0,0,0,0,0,0,0,0,0,0,0,0,0,0,0,0,0,0,
2022/03/02, 12:40:51, [  175],[    1],26,C6,0,0,E,0,C,0,70,0,8,0,C6,0,1,0,1,0,0,0,
2022/03/02, 12:40:51, [    1],[    1],27,C6,0,0,5C,0,32,0,5B,0,0,2,1,0,1,3,8,26,7,66,20,43,55,54,54,49,4E,47,20,53,50,45,45,44,20,20,20,20,20,20,20,20,20,20,20,32,35,2E,30,20,6D,6D,2F,73,65,63,0,0,1A,0,52,0,0,0,0,0,2,0,C,0,0,0,2,0,0,0,E,0,0,0,0,0,0,0,1,0,A,0,53,0,1,E,0,0,0,2,0,1,
2022/03/02, 12:40:51, [    5],[    1],28,C6,0,0,4C,0,4A,0,70,0,46,0,D1,0,1,0,1,0,0,0,0,0,0,0,0,0,0,0,0,0,0,0,0,0,1,0,0,0,0,0,0,0,0,0,0,0,0,0,0,0,0,0,0,0,2,0,2,0,1,0,5,0,1,0,0,0,2,0,2,0,0,0,FF,FF,FF,FF,FF,FF,FF,FF,FF,FF,
2022/03/02, 12:40:53, [   47],[    1],29,C6,0,0,34,1,32,1,70,0,2E,1,C5,0,1,0,1,0,0,0,CB,0,1,80,5,0,0,0,0,0,0,0,0,0,1,0,0,0,0,0,0,0,0,0,F0,3F,0,0,0,0,0,0,69,40,5,0,0,0,0,0,0,0,12,0,0,0,1,0,0,0,46,6F,72,6D,5F,63,75,74,5F,66,69,6C,65,5F,6E,6F,2E,3D,0,0,0,0,0,0,0,0,0,0,0,0,0,0,0,0,0,0,0,0,0,0,0,0,0,0,0,0,0,0,0,0,0,0,0,0,0,0,0,0,0,0,0,0,0,0,0,0,0,0,0,0,0,0,0,0,0,0,0,0,0,0,0,0,0,0,0,0,0,0,0,0,0,0,0,0,0,0,0,0,0,0,0,0,0,0,0,0,0,0,0,0,0,0,0,0,0,0,0,0,0,0,0,0,0,0,0,0,0,0,0,0,0,0,46,6F,72,6D,5F,63,75,74,5F,66,69,6C,65,5F,6E,6F,2E,3D,0,0,0,0,0,0,0,0,0,0,0,0,0,0,0,0,0,0,0,0,0,0,0,0,0,0,0,0,0,0,0,0,0,0,0,0,0,0,0,0,0,0,0,0,0,0,0,0,0,0,0,0,0,0,0,0,0,0,0,0,0,0,0,0,0,0,0,0,0,0,0,0,0,0,0,0,0,0,0,0,0,0,0,0,0,0,0,0,0,0,0,0,0,0,
2022/03/02, 12:40:54, [   77],[    1],2A,C6,0,0,E,0,C,0,70,0,8,0,C6,0,1,0,1,0,0,0,
2022/03/02, 12:40:55, [    1],[    1],2B,C6,0,0,BC,0,1E,0,5B,0,0,1,1,0,1,2,1,11,43,4F,4E,44,20,4E,4F,2E,3A,20,38,20,2F,20,32,30,30,0,0,0,5A,0,5B,0,0,2,2,0,1,3,1,23,7,66,20,52,41,44,49,55,53,20,20,20,20,20,20,20,20,20,20,20,20,20,20,20,20,20,20,33,2E,32,30,30,20,6D,6D,0,5,3,8,26,7,66,20,43,55,54,54,49,4E,47,20,53,50,45,45,44,20,20,20,20,20,20,20,20,20,20,20,31,30,2E,30,20,6D,6D,2F,73,65,63,0,0,E,0,5C,0,0,2,1,0,4,C,0,9,11,0,0,0,1A,0,52,0,0,0,0,0,3,0,C,1,0,0,2,0,0,0,E,0,0,0,0,0,0,0,1,0,A,0,53,0,1,E,0,0,0,3,0,1,6,0,5A,0,1,0,2,4,
2022/03/02, 12:40:55, [   28],[    1],2C,C6,0,0,48,0,E,0,5B,0,0,2,1,0,4,0,0,0,0,0,0,0,E,0,5C,0,0,2,1,0,4,1C,1,7,11,0,0,0,1A,0,52,0,0,0,0,0,2,0,C,0,0,0,2,0,0,0,E,0,0,0,0,0,0,0,1,0,A,0,53,0,1,E,0,0,0,2,0,1,
2022/03/02, 12:40:55, [    8],[    1],2D,C6,0,0,48,0,E,0,5B,0,0,2,1,0,4,0,1,0,0,0,0,0,E,0,5C,0,0,2,1,0,4,1C,2,7,11,0,0,0,1A,0,52,0,0,0,0,0,2,0,C,0,0,0,2,0,0,0,E,0,0,0,0,0,0,0,1,0,A,0,53,0,1,E,0,0,0,2,0,1,
2022/03/02, 12:40:56, [    8],[    1],2E,C6,0,0,48,0,E,0,5B,0,0,2,1,0,4,0,2,0,0,0,0,0,E,0,5C,0,0,2,1,0,4,1C,3,7,11,0,0,0,1A,0,52,0,0,0,0,0,2,0,C,0,0,0,2,0,0,0,E,0,0,0,0,0,0,0,1,0,A,0,53,0,1,E,0,0,0,2,0,1,
2022/03/02, 12:40:56, [    5],[    1],2F,C6,0,0,48,0,E,0,5B,0,0,2,1,0,4,0,3,0,0,0,0,0,E,0,5C,0,0,2,1,0,4,1C,4,7,11,0,0,0,1A,0,52,0,0,0,0,0,2,0,C,0,0,0,2,0,0,0,E,0,0,0,0,0,0,0,1,0,A,0,53,0,1,E,0,0,0,2,0,1,
2022/03/02, 12:40:56, [    7],[    1],30,C6,0,0,48,0,E,0,5B,0,0,2,1,0,4,0,4,0,0,0,0,0,E,0,5C,0,0,2,1,0,4,1C,5,8,11,0,0,0,1A,0,52,0,0,0,0,0,2,0,C,0,0,0,2,0,0,0,E,0,0,0,0,0,0,0,1,0,A,0,53,0,1,E,0,0,0,2,0,1,
2022/03/02, 12:40:56, [    5],[    1],31,C6,0,0,48,0,E,0,5B,0,0,2,1,0,4,0,5,0,0,0,0,0,E,0,5C,0,0,2,1,0,4,1C,6,6,11,0,0,0,1A,0,52,0,0,0,0,0,2,0,C,0,0,0,2,0,0,0,E,0,0,0,0,0,0,0,1,0,A,0,53,0,1,E,0,0,0,2,0,1,
2022/03/02, 12:40:56, [    5],[    1],32,C6,0,0,4C,0,4A,0,70,0,46,0,D1,0,1,0,1,0,0,0,0,0,0,0,0,0,0,0,0,0,0,0,0,0,1,0,0,0,0,0,0,0,0,0,0,0,0,0,0,0,0,0,0,0,2,0,2,0,1,0,5,0,1,0,0,0,0,0,2,0,0,0,FF,FF,FF,FF,FF,FF,FF,FF,FF,FF,
2022/03/02, 12:40:56, [    3],[    1],33,C6,0,0,48,0,E,0,5B,0,0,2,1,0,4,0,6,0,0,0,0,0,E,0,5C,0,0,2,1,0,4,1C,7,6,11,0,0,0,1A,0,52,0,0,0,0,0,2,0,C,0,0,0,2,0,0,0,E,0,0,0,0,0,0,0,1,0,A,0,53,0,1,E,0,0,0,2,0,1,
2022/03/02, 12:40:56, [   10],[    1],34,C6,0,0,48,0,E,0,5B,0,0,2,1,0,4,0,7,0,0,0,0,0,E,0,5C,0,0,2,1,0,4,1C,8,6,11,0,0,0,1A,0,52,0,0,0,0,0,2,0,C,0,0,0,2,0,0,0,E,0,0,0,0,0,0,0,1,0,A,0,53,0,1,E,0,0,0,2,0,1,
2022/03/02, 12:40:57, [   14],[    1],35,C6,0,0,34,1,32,1,70,0,2E,1,C5,0,1,0,1,0,0,0,CB,0,1,0,5,0,0,0,0,0,0,0,0,0,A,0,0,0,0,0,0,0,0,0,0,0,0,0,0,0,0,40,CF,40,6,0,0,0,0,0,0,0,0,0,0,0,1,0,0,0,0,0,0,0,0,0,0,0,0,0,0,0,0,0,0,0,0,0,0,0,0,0,0,0,0,0,0,0,0,0,0,0,0,0,0,0,0,0,0,0,0,0,0,0,0,0,0,0,0,0,0,0,0,0,0,0,0,0,0,0,0,0,0,0,0,0,0,0,0,0,0,0,0,0,0,0,0,0,0,0,0,0,0,0,0,0,0,0,0,0,0,0,0,0,0,0,0,0,0,0,0,0,0,0,0,0,0,0,0,0,0,0,0,0,0,0,0,0,0,0,0,0,0,0,0,0,0,0,0,0,0,0,0,0,0,0,0,0,0,0,0,0,0,0,0,0,0,0,0,0,0,0,0,0,0,0,0,0,0,0,0,0,0,0,0,0,0,0,0,0,0,0,0,0,0,0,0,0,0,0,0,0,0,0,0,0,0,0,0,0,0,0,0,0,0,0,0,0,0,0,0,0,0,0,0,0,0,0,0,0,0,0,0,0,0,0,0,0,0,0,0,0,0,0,0,0,0,0,0,0,0,0,0,0,0,0,0,0,0,0,0,0,0,0,
2022/03/02, 12:40:59, [   91],[    1],36,C6,0,0,5A,0,C,0,70,0,8,0,C6,0,1,0,1,0,0,0,4A,0,70,0,46,0,D1,0,1,0,1,0,0,0,0,0,0,0,0,0,0,0,0,0,0,0,0,0,1,0,0,0,0,0,0,0,0,0,0,0,0,0,0,0,0,0,0,0,2,0,2,0,1,0,5,0,1,0,0,0,2,0,2,0,0,0,FF,FF,FF,FF,FF,FF,FF,FF,FF,FF,
2022/03/02, 12:40:59, [    1],[    1],37,C6,0,0,5C,0,32,0,5B,0,0,2,1,0,1,3,8,26,7,66,20,43,55,54,54,49,4E,47,20,53,50,45,45,44,20,20,20,20,20,20,20,20,20,20,20,32,35,2E,30,20,6D,6D,2F,73,65,63,0,0,1A,0,52,0,0,0,0,0,2,0,C,0,0,0,2,0,0,0,E,0,0,0,0,0,0,0,1,0,A,0,53,0,1,E,0,0,0,2,0,1,
2022/03/02, 12:41:00, [   50],[    1],38,C6,0,0,4C,0,4A,0,70,0,46,0,D1,0,1,0,1,0,0,0,0,0,0,0,0,0,0,0,0,0,0,0,0,0,1,0,0,0,0,0,0,0,0,0,0,0,0,0,0,0,0,0,0,0,2,0,2,0,1,0,5,0,1,0,0,0,0,0,2,0,0,0,FF,FF,FF,FF,FF,FF,FF,FF,FF,FF,
2022/03/02, 12:41:01, [   38],[    1],39,C6,0,0,34,1,32,1,70,0,2E,1,C5,0,1,0,1,0,0,0,CB,0,1,80,5,0,0,0,0,0,0,0,0,0,1,0,0,0,0,0,0,0,0,0,F0,3F,0,0,0,0,0,0,69,40,5,0,0,0,0,0,0,0,12,0,0,0,1,0,0,0,46,6F,72,6D,5F,63,75,74,5F,66,69,6C,65,5F,6E,6F,2E,3D,0,0,0,0,0,0,0,0,0,0,0,0,0,0,0,0,0,0,0,0,0,0,0,0,0,0,0,0,0,0,0,0,0,0,0,0,0,0,0,0,0,0,0,0,0,0,0,0,0,0,0,0,0,0,0,0,0,0,0,0,0,0,0,0,0,0,0,0,0,0,0,0,0,0,0,0,0,0,0,0,0,0,0,0,0,0,0,0,0,0,0,0,0,0,0,0,0,0,0,0,0,0,0,0,0,0,0,0,0,0,0,0,0,0,46,6F,72,6D,5F,63,75,74,5F,66,69,6C,65,5F,6E,6F,2E,3D,0,0,0,0,0,0,0,0,0,0,0,0,0,0,0,0,0,0,0,0,0,0,0,0,0,0,0,0,0,0,0,0,0,0,0,0,0,0,0,0,0,0,0,0,0,0,0,0,0,0,0,0,0,0,0,0,0,0,0,0,0,0,0,0,0,0,0,0,0,0,0,0,0,0,0,0,0,0,0,0,0,0,0,0,0,0,0,0,0,0,0,0,0,0,
2022/03/02, 12:41:03, [   83],[    1],3A,C6,0,0,E,0,C,0,70,0,8,0,C6,0,1,0,1,0,0,0,
2022/03/02, 12:41:03, [    1],[    1],3B,C6,0,0,BC,0,1E,0,5B,0,0,1,1,0,1,2,1,11,43,4F,4E,44,20,4E,4F,2E,3A,20,39,20,2F,20,32,30,30,0,0,0,5A,0,5B,0,0,2,2,0,1,3,1,23,7,66,20,52,41,44,49,55,53,20,20,20,20,20,20,20,20,20,20,20,20,20,20,20,20,20,31,31,2E,37,30,30,20,6D,6D,0,5,3,8,26,7,66,20,43,55,54,54,49,4E,47,20,53,50,45,45,44,20,20,20,20,20,20,20,20,20,20,20,31,30,2E,30,20,6D,6D,2F,73,65,63,0,0,E,0,5C,0,0,2,1,0,4,C,0,9,11,0,0,0,1A,0,52,0,0,0,0,0,3,0,C,1,0,0,2,0,0,0,E,0,0,0,0,0,0,0,1,0,A,0,53,0,1,E,0,0,0,3,0,1,6,0,5A,0,1,0,2,4,
2022/03/02, 12:41:04, [   33],[    1],3C,C6,0,0,10,0,E,0,5B,0,0,2,1,0,4,0,0,0,0,0,0,0,
2022/03/02, 12:41:04, [    1],[    1],3D,C6,0,0,38,0,E,0,5C,0,0,2,1,0,4,1C,1,7,11,0,0,0,1A,0,52,0,0,0,0,0,2,0,C,0,0,0,2,0,0,0,E,0,0,0,0,0,0,0,1,0,A,0,53,0,1,E,0,0,0,2,0,1,
2022/03/02, 12:41:04, [    8],[    1],3E,C6,0,0,48,0,E,0,5B,0,0,2,1,0,4,0,1,0,0,0,0,0,E,0,5C,0,0,2,1,0,4,1C,2,7,11,0,0,0,1A,0,52,0,0,0,0,0,2,0,C,0,0,0,2,0,0,0,E,0,0,0,0,0,0,0,1,0,A,0,53,0,1,E,0,0,0,2,0,1,
2022/03/02, 12:41:05, [    7],[    1],3F,C6,0,0,48,0,E,0,5B,0,0,2,1,0,4,0,2,0,0,0,0,0,E,0,5C,0,0,2,1,0,4,1C,3,7,11,0,0,0,1A,0,52,0,0,0,0,0,2,0,C,0,0,0,2,0,0,0,E,0,0,0,0,0,0,0,1,0,A,0,53,0,1,E,0,0,0,2,0,1,
2022/03/02, 12:41:05, [    6],[    1],40,C6,0,0,48,0,E,0,5B,0,0,2,1,0,4,0,3,0,0,0,0,0,E,0,5C,0,0,2,1,0,4,1C,4,7,11,0,0,0,1A,0,52,0,0,0,0,0,2,0,C,0,0,0,2,0,0,0,E,0,0,0,0,0,0,0,1,0,A,0,53,0,1,E,0,0,0,2,0,1,
2022/03/02, 12:41:05, [    8],[    1],41,C6,0,0,48,0,E,0,5B,0,0,2,1,0,4,0,4,0,0,0,0,0,E,0,5C,0,0,2,1,0,4,1C,5,8,11,0,0,0,1A,0,52,0,0,0,0,0,2,0,C,0,0,0,2,0,0,0,E,0,0,0,0,0,0,0,1,0,A,0,53,0,1,E,0,0,0,2,0,1,
2022/03/02, 12:41:05, [    6],[    1],42,C6,0,0,48,0,E,0,5B,0,0,2,1,0,4,0,5,0,0,0,0,0,E,0,5C,0,0,2,1,0,4,1C,6,6,11,0,0,0,1A,0,52,0,0,0,0,0,2,0,C,0,0,0,2,0,0,0,E,0,0,0,0,0,0,0,1,0,A,0,53,0,1,E,0,0,0,2,0,1,
2022/03/02, 12:41:05, [   10],[    1],43,C6,0,0,48,0,E,0,5B,0,0,2,1,0,4,0,6,0,0,0,0,0,E,0,5C,0,0,2,1,0,4,1C,7,6,11,0,0,0,1A,0,52,0,0,0,0,0,2,0,C,0,0,0,2,0,0,0,E,0,0,0,0,0,0,0,1,0,A,0,53,0,1,E,0,0,0,2,0,1,
2022/03/02, 12:41:06, [   17],[    1],44,C6,0,0,48,0,E,0,5B,0,0,2,1,0,4,0,7,0,0,0,0,0,E,0,5C,0,0,2,1,0,4,1C,8,6,11,0,0,0,1A,0,52,0,0,0,0,0,2,0,C,0,0,0,2,0,0,0,E,0,0,0,0,0,0,0,1,0,A,0,53,0,1,E,0,0,0,2,0,1,
2022/03/02, 12:41:06, [   14],[    1],45,C6,0,0,34,1,32,1,70,0,2E,1,C5,0,1,0,1,0,0,0,CB,0,1,0,5,0,0,0,0,0,0,0,0,0,A,0,0,0,0,0,0,0,0,0,0,0,0,0,0,0,0,40,CF,40,6,0,0,0,0,0,0,0,0,0,0,0,1,0,0,0,0,0,0,0,0,0,0,0,0,0,0,0,0,0,0,0,0,0,0,0,0,0,0,0,0,0,0,0,0,0,0,0,0,0,0,0,0,0,0,0,0,0,0,0,0,0,0,0,0,0,0,0,0,0,0,0,0,0,0,0,0,0,0,0,0,0,0,0,0,0,0,0,0,0,0,0,0,0,0,0,0,0,0,0,0,0,0,0,0,0,0,0,0,0,0,0,0,0,0,0,0,0,0,0,0,0,0,0,0,0,0,0,0,0,0,0,0,0,0,0,0,0,0,0,0,0,0,0,0,0,0,0,0,0,0,0,0,0,0,0,0,0,0,0,0,0,0,0,0,0,0,0,0,0,0,0,0,0,0,0,0,0,0,0,0,0,0,0,0,0,0,0,0,0,0,0,0,0,0,0,0,0,0,0,0,0,0,0,0,0,0,0,0,0,0,0,0,0,0,0,0,0,0,0,0,0,0,0,0,0,0,0,0,0,0,0,0,0,0,0,0,0,0,0,0,0,0,0,0,0,0,0,0,0,0,0,0,0,0,0,0,0,0,0,
2022/03/02, 12:41:10, [  163],[    1],46,C6,0,0,E,0,C,0,70,0,8,0,C6,0,1,0,1,0,0,0,
2022/03/02, 12:41:10, [    1],[    1],47,C6,0,0,A8,0,32,0,5B,0,0,2,1,0,1,3,8,26,7,66,20,43,55,54,54,49,4E,47,20,53,50,45,45,44,20,20,20,20,20,20,20,20,20,20,20,32,35,2E,30,20,6D,6D,2F,73,65,63,0,0,1A,0,52,0,0,0,0,0,2,0,C,0,0,0,2,0,0,0,E,0,0,0,0,0,0,0,1,0,A,0,53,0,1,E,0,0,0,2,0,1,4A,0,70,0,46,0,D1,0,1,0,1,0,0,0,0,0,0,0,0,0,0,0,0,0,0,0,0,0,1,0,0,0,0,0,0,0,0,0,0,0,0,0,0,0,0,0,0,0,2,0,2,0,1,0,5,0,1,0,0,0,2,0,2,0,0,0,FF,FF,FF,FF,FF,FF,FF,FF,FF,FF,
2022/03/02, 12:41:12, [   60],[    1],48,C6,0,0,34,1,32,1,70,0,2E,1,C5,0,1,0,1,0,0,0,CB,0,1,80,5,0,0,0,0,0,0,0,0,0,1,0,0,0,0,0,0,0,0,0,F0,3F,0,0,0,0,0,0,69,40,5,0,0,0,0,0,0,0,12,0,0,0,1,0,0,0,46,6F,72,6D,5F,63,75,74,5F,66,69,6C,65,5F,6E,6F,2E,3D,0,0,0,0,0,0,0,0,0,0,0,0,0,0,0,0,0,0,0,0,0,0,0,0,0,0,0,0,0,0,0,0,0,0,0,0,0,0,0,0,0,0,0,0,0,0,0,0,0,0,0,0,0,0,0,0,0,0,0,0,0,0,0,0,0,0,0,0,0,0,0,0,0,0,0,0,0,0,0,0,0,0,0,0,0,0,0,0,0,0,0,0,0,0,0,0,0,0,0,0,0,0,0,0,0,0,0,0,0,0,0,0,0,0,46,6F,72,6D,5F,63,75,74,5F,66,69,6C,65,5F,6E,6F,2E,3D,0,0,0,0,0,0,0,0,0,0,0,0,0,0,0,0,0,0,0,0,0,0,0,0,0,0,0,0,0,0,0,0,0,0,0,0,0,0,0,0,0,0,0,0,0,0,0,0,0,0,0,0,0,0,0,0,0,0,0,0,0,0,0,0,0,0,0,0,0,0,0,0,0,0,0,0,0,0,0,0,0,0,0,0,0,0,0,0,0,0,0,0,0,0,
2022/03/02, 12:41:14, [   97],[    1],49,C6,0,0,4C,0,4A,0,70,0,46,0,D1,0,1,0,1,0,0,0,0,0,0,0,0,0,0,0,0,0,0,0,0,0,1,0,0,0,0,0,0,0,0,0,0,0,0,0,0,0,0,0,0,0,2,0,2,0,1,0,5,0,1,0,0,0,0,0,2,0,0,0,FF,FF,FF,FF,FF,FF,FF,FF,FF,FF,
2022/03/02, 12:41:18, [  169],[    1],4A,C6,0,0,E,0,C,0,70,0,8,0,C6,0,1,0,1,0,0,0,
2022/03/02, 12:41:18, [    2],[    1],4B,C6,0,0,BC,0,1E,0,5B,0,0,1,1,0,1,2,1,12,43,4F,4E,44,20,4E,4F,2E,3A,20,31,30,20,2F,20,32,30,30,0,0,5A,0,5B,0,0,2,2,0,1,3,1,23,7,66,20,52,41,44,49,55,53,20,20,20,20,20,20,20,20,20,20,20,20,20,20,20,20,20,31,36,2E,37,30,30,20,6D,6D,0,5,3,8,26,7,66,20,43,55,54,54,49,4E,47,20,53,50,45,45,44,20,20,20,20,20,20,20,20,20,20,20,31,30,2E,30,20,6D,6D,2F,73,65,63,0,0,E,0,5C,0,0,2,1,0,4,C,0,9,11,0,0,0,1A,0,52,0,0,0,0,0,3,0,C,1,0,0,2,0,0,0,E,0,0,0,0,0,0,0,1,0,A,0,53,0,1,E,0,0,0,3,0,1,6,0,5A,0,1,0,2,4,
2022/03/02, 12:41:19, [   33],[    1],4C,C6,0,0,48,0,E,0,5B,0,0,2,1,0,4,0,0,0,0,0,0,0,E,0,5C,0,0,2,1,0,4,1C,1,7,11,0,0,0,1A,0,52,0,0,0,0,0,2,0,C,0,0,0,2,0,0,0,E,0,0,0,0,0,0,0,1,0,A,0,53,0,1,E,0,0,0,2,0,1,
2022/03/02, 12:41:19, [    9],[    1],4D,C6,0,0,10,0,E,0,5B,0,0,2,1,0,4,0,1,0,0,0,0,0,
2022/03/02, 12:41:19, [    1],[    1],4E,C6,0,0,38,0,E,0,5C,0,0,2,1,0,4,1C,2,7,11,0,0,0,1A,0,52,0,0,0,0,0,2,0,C,0,0,0,2,0,0,0,E,0,0,0,0,0,0,0,1,0,A,0,53,0,1,E,0,0,0,2,0,1,
2022/03/02, 12:41:20, [    6],[    1],4F,C6,0,0,48,0,E,0,5B,0,0,2,1,0,4,0,2,0,0,0,0,0,E,0,5C,0,0,2,1,0,4,1C,3,7,11,0,0,0,1A,0,52,0,0,0,0,0,2,0,C,0,0,0,2,0,0,0,E,0,0,0,0,0,0,0,1,0,A,0,53,0,1,E,0,0,0,2,0,1,
2022/03/02, 12:41:20, [    7],[    1],50,C6,0,0,48,0,E,0,5B,0,0,2,1,0,4,0,3,0,0,0,0,0,E,0,5C,0,0,2,1,0,4,1C,4,7,11,0,0,0,1A,0,52,0,0,0,0,0,2,0,C,0,0,0,2,0,0,0,E,0,0,0,0,0,0,0,1,0,A,0,53,0,1,E,0,0,0,2,0,1,
2022/03/02, 12:41:20, [    7],[    1],51,C6,0,0,48,0,E,0,5B,0,0,2,1,0,4,0,4,0,0,0,0,0,E,0,5C,0,0,2,1,0,4,1C,5,8,11,0,0,0,1A,0,52,0,0,0,0,0,2,0,C,0,0,0,2,0,0,0,E,0,0,0,0,0,0,0,1,0,A,0,53,0,1,E,0,0,0,2,0,1,
2022/03/02, 12:41:20, [    8],[    1],52,C6,0,0,48,0,E,0,5B,0,0,2,1,0,4,0,5,0,0,0,0,0,E,0,5C,0,0,2,1,0,4,1C,6,6,11,0,0,0,1A,0,52,0,0,0,0,0,2,0,C,0,0,0,2,0,0,0,E,0,0,0,0,0,0,0,1,0,A,0,53,0,1,E,0,0,0,2,0,1,
2022/03/02, 12:41:20, [   11],[    1],53,C6,0,0,48,0,E,0,5B,0,0,2,1,0,4,0,6,0,0,0,0,0,E,0,5C,0,0,2,1,0,4,1C,7,6,11,0,0,0,1A,0,52,0,0,0,0,0,2,0,C,0,0,0,2,0,0,0,E,0,0,0,0,0,0,0,1,0,A,0,53,0,1,E,0,0,0,2,0,1,
2022/03/02, 12:41:21, [    9],[    1],54,C6,0,0,48,0,E,0,5B,0,0,2,1,0,4,0,7,0,0,0,0,0,E,0,5C,0,0,2,1,0,4,1C,8,6,11,0,0,0,1A,0,52,0,0,0,0,0,2,0,C,0,0,0,2,0,0,0,E,0,0,0,0,0,0,0,1,0,A,0,53,0,1,E,0,0,0,2,0,1,
2022/03/02, 12:41:21, [   14],[    1],55,C6,0,0,34,1,32,1,70,0,2E,1,C5,0,1,0,1,0,0,0,CB,0,1,0,5,0,0,0,0,0,0,0,0,0,A,0,0,0,0,0,0,0,0,0,0,0,0,0,0,0,0,40,CF,40,6,0,0,0,0,0,0,0,0,0,0,0,1,0,0,0,0,0,0,0,0,0,0,0,0,0,0,0,0,0,0,0,0,0,0,0,0,0,0,0,0,0,0,0,0,0,0,0,0,0,0,0,0,0,0,0,0,0,0,0,0,0,0,0,0,0,0,0,0,0,0,0,0,0,0,0,0,0,0,0,0,0,0,0,0,0,0,0,0,0,0,0,0,0,0,0,0,0,0,0,0,0,0,0,0,0,0,0,0,0,0,0,0,0,0,0,0,0,0,0,0,0,0,0,0,0,0,0,0,0,0,0,0,0,0,0,0,0,0,0,0,0,0,0,0,0,0,0,0,0,0,0,0,0,0,0,0,0,0,0,0,0,0,0,0,0,0,0,0,0,0,0,0,0,0,0,0,0,0,0,0,0,0,0,0,0,0,0,0,0,0,0,0,0,0,0,0,0,0,0,0,0,0,0,0,0,0,0,0,0,0,0,0,0,0,0,0,0,0,0,0,0,0,0,0,0,0,0,0,0,0,0,0,0,0,0,0,0,0,0,0,0,0,0,0,0,0,0,0,0,0,0,0,0,0,0,0,0,0,0,
2022/03/02, 12:41:24, [  127],[    1],56,C6,0,0,42,1,C,0,70,0,8,0,C6,0,1,0,1,0,0,0,32,1,70,0,2E,1,C5,0,1,0,1,0,0,0,CB,0,1,0,5,0,0,0,0,0,0,0,0,0,A,0,0,0,0,0,0,0,0,0,0,0,0,0,0,0,0,40,CF,40,6,0,0,0,0,0,0,0,0,0,0,0,1,0,0,0,0,0,0,0,0,0,0,0,0,0,0,0,0,0,0,0,0,0,0,0,0,0,0,0,0,0,0,0,0,0,0,0,0,0,0,0,0,0,0,0,0,0,0,0,0,0,0,0,0,0,0,0,0,0,0,0,0,0,0,0,0,0,0,0,0,0,0,0,0,0,0,0,0,0,0,0,0,0,0,0,0,0,0,0,0,0,0,0,0,0,0,0,0,0,0,0,0,0,0,0,0,0,0,0,0,0,0,0,0,0,0,0,0,0,0,0,0,0,0,0,0,0,0,0,0,0,0,0,0,0,0,0,0,0,0,0,0,0,0,0,0,0,0,0,0,0,0,0,0,0,0,0,0,0,0,0,0,0,0,0,0,0,0,0,0,0,0,0,0,0,0,0,0,0,0,0,0,0,0,0,0,0,0,0,0,0,0,0,0,0,0,0,0,0,0,0,0,0,0,0,0,0,0,0,0,0,0,0,0,0,0,0,0,0,0,0,0,0,0,0,0,0,0,0,0,0,0,0,0,0,0,0,0,0,0,0,0,0,0,0,0,0,0,0,
2022/03/02, 12:41:24, [    1],[    1],57,C6,0,0,6A,0,C,0,70,0,8,0,C6,0,1,0,1,0,0,0,32,0,5B,0,0,2,1,0,1,3,8,26,7,66,20,43,55,54,54,49,4E,47,20,53,50,45,45,44,20,20,20,20,20,20,20,20,20,20,20,32,35,2E,30,20,6D,6D,2F,73,65,63,0,0,1A,0,52,0,0,0,0,0,2,0,C,0,0,0,2,0,0,0,E,0,0,0,0,0,0,0,1,0,A,0,53,0,1,E,0,0,0,2,0,1,
2022/03/02, 12:41:24, [    9],[    1],58,C6,0,0,4C,0,4A,0,70,0,46,0,D1,0,1,0,1,0,0,0,0,0,0,0,0,0,0,0,0,0,0,0,0,0,1,0,0,0,0,0,0,0,0,0,0,0,0,0,0,0,0,0,0,0,2,0,2,0,1,0,5,0,1,0,0,0,2,0,2,0,0,0,FF,FF,FF,FF,FF,FF,FF,FF,FF,FF,
2022/03/02, 12:41:26, [   62],[    1],59,C6,0,0,34,1,32,1,70,0,2E,1,C5,0,1,0,1,0,0,0,CB,0,1,80,5,0,0,0,0,0,0,0,0,0,1,0,0,0,0,0,0,0,0,0,F0,3F,0,0,0,0,0,0,69,40,5,0,0,0,0,0,0,0,12,0,0,0,1,0,0,0,46,6F,72,6D,5F,63,75,74,5F,66,69,6C,65,5F,6E,6F,2E,3D,0,0,0,0,0,0,0,0,0,0,0,0,0,0,0,0,0,0,0,0,0,0,0,0,0,0,0,0,0,0,0,0,0,0,0,0,0,0,0,0,0,0,0,0,0,0,0,0,0,0,0,0,0,0,0,0,0,0,0,0,0,0,0,0,0,0,0,0,0,0,0,0,0,0,0,0,0,0,0,0,0,0,0,0,0,0,0,0,0,0,0,0,0,0,0,0,0,0,0,0,0,0,0,0,0,0,0,0,0,0,0,0,0,0,46,6F,72,6D,5F,63,75,74,5F,66,69,6C,65,5F,6E,6F,2E,3D,0,0,0,0,0,0,0,0,0,0,0,0,0,0,0,0,0,0,0,0,0,0,0,0,0,0,0,0,0,0,0,0,0,0,0,0,0,0,0,0,0,0,0,0,0,0,0,0,0,0,0,0,0,0,0,0,0,0,0,0,0,0,0,0,0,0,0,0,0,0,0,0,0,0,0,0,0,0,0,0,0,0,0,0,0,0,0,0,0,0,0,0,0,0,
2022/03/02, 12:41:28, [   76],[    1],5A,C6,0,0,4C,0,4A,0,70,0,46,0,D1,0,1,0,1,0,0,0,0,0,0,0,0,0,0,0,0,0,0,0,0,0,1,0,0,0,0,0,0,0,0,0,0,0,0,0,0,0,0,0,0,0,2,0,2,0,1,0,5,0,1,0,0,0,0,0,2,0,0,0,FF,FF,FF,FF,FF,FF,FF,FF,FF,FF,
2022/03/02, 12:41:28, [    1],[    1],5B,C6,0,0,E,0,C,0,70,0,8,0,C6,0,1,0,1,0,0,0,
2022/03/02, 12:41:28, [    1],[    1],5C,C6,0,0,BC,0,1E,0,5B,0,0,1,1,0,1,2,1,12,43,4F,4E,44,20,4E,4F,2E,3A,20,31,31,20,2F,20,32,30,30,0,0,5A,0,5B,0,0,2,2,0,1,3,1,23,7,66,20,52,41,44,49,55,53,20,20,20,20,20,20,20,20,20,20,20,20,20,20,20,20,20,36,31,2E,37,30,30,20,6D,6D,0,5,3,8,26,7,66,20,43,55,54,54,49,4E,47,20,53,50,45,45,44,20,20,20,20,20,20,20,20,20,20,20,31,30,2E,30,20,6D,6D,2F,73,65,63,0,0,E,0,5C,0,0,2,1,0,4,C,0,9,11,0,0,0,1A,0,52,0,0,0,0,0,3,0,C,1,0,0,2,0,0,0,E,0,0,0,0,0,0,0,1,0,A,0,53,0,1,E,0,0,0,3,0,1,6,0,5A,0,1,0,2,4,
2022/03/02, 12:41:29, [   31],[    1],5D,C6,0,0,48,0,E,0,5B,0,0,2,1,0,4,0,0,0,0,0,0,0,E,0,5C,0,0,2,1,0,4,1C,1,7,11,0,0,0,1A,0,52,0,0,0,0,0,2,0,C,0,0,0,2,0,0,0,E,0,0,0,0,0,0,0,1,0,A,0,53,0,1,E,0,0,0,2,0,1,
2022/03/02, 12:41:29, [    8],[    1],5E,C6,0,0,48,0,E,0,5B,0,0,2,1,0,4,0,1,0,0,0,0,0,E,0,5C,0,0,2,1,0,4,1C,2,7,11,0,0,0,1A,0,52,0,0,0,0,0,2,0,C,0,0,0,2,0,0,0,E,0,0,0,0,0,0,0,1,0,A,0,53,0,1,E,0,0,0,2,0,1,
2022/03/02, 12:41:29, [    8],[    1],5F,C6,0,0,48,0,E,0,5B,0,0,2,1,0,4,0,2,0,0,0,0,0,E,0,5C,0,0,2,1,0,4,1C,3,7,11,0,0,0,1A,0,52,0,0,0,0,0,2,0,C,0,0,0,2,0,0,0,E,0,0,0,0,0,0,0,1,0,A,0,53,0,1,E,0,0,0,2,0,1,
2022/03/02, 12:41:29, [    8],[    1],60,C6,0,0,48,0,E,0,5B,0,0,2,1,0,4,0,3,0,0,0,0,0,E,0,5C,0,0,2,1,0,4,1C,4,7,11,0,0,0,1A,0,52,0,0,0,0,0,2,0,C,0,0,0,2,0,0,0,E,0,0,0,0,0,0,0,1,0,A,0,53,0,1,E,0,0,0,2,0,1,
2022/03/02, 12:41:30, [   32],[    1],61,C6,0,0,48,0,E,0,5B,0,0,2,1,0,4,0,4,0,0,0,0,0,E,0,5C,0,0,2,1,0,4,1C,5,8,11,0,0,0,1A,0,52,0,0,0,0,0,2,0,C,0,0,0,2,0,0,0,E,0,0,0,0,0,0,0,1,0,A,0,53,0,1,E,0,0,0,2,0,1,
2022/03/02, 12:41:30, [    8],[    1],62,C6,0,0,48,0,E,0,5B,0,0,2,1,0,4,0,5,0,0,0,0,0,E,0,5C,0,0,2,1,0,4,1C,6,6,11,0,0,0,1A,0,52,0,0,0,0,0,2,0,C,0,0,0,2,0,0,0,E,0,0,0,0,0,0,0,1,0,A,0,53,0,1,E,0,0,0,2,0,1,
2022/03/02, 12:41:30, [   11],[    1],63,C6,0,0,48,0,E,0,5B,0,0,2,1,0,4,0,6,0,0,0,0,0,E,0,5C,0,0,2,1,0,4,1C,7,6,11,0,0,0,1A,0,52,0,0,0,0,0,2,0,C,0,0,0,2,0,0,0,E,0,0,0,0,0,0,0,1,0,A,0,53,0,1,E,0,0,0,2,0,1,
2022/03/02, 12:41:31, [   12],[    1],64,C6,0,0,48,0,E,0,5B,0,0,2,1,0,4,0,7,0,0,0,0,0,E,0,5C,0,0,2,1,0,4,1C,8,6,11,0,0,0,1A,0,52,0,0,0,0,0,2,0,C,0,0,0,2,0,0,0,E,0,0,0,0,0,0,0,1,0,A,0,53,0,1,E,0,0,0,2,0,1,
2022/03/02, 12:41:31, [   12],[    1],65,C6,0,0,34,1,32,1,70,0,2E,1,C5,0,1,0,1,0,0,0,CB,0,1,0,5,0,0,0,0,0,0,0,0,0,A,0,0,0,0,0,0,0,0,0,0,0,0,0,0,0,0,40,CF,40,6,0,0,0,0,0,0,0,0,0,0,0,1,0,0,0,0,0,0,0,0,0,0,0,0,0,0,0,0,0,0,0,0,0,0,0,0,0,0,0,0,0,0,0,0,0,0,0,0,0,0,0,0,0,0,0,0,0,0,0,0,0,0,0,0,0,0,0,0,0,0,0,0,0,0,0,0,0,0,0,0,0,0,0,0,0,0,0,0,0,0,0,0,0,0,0,0,0,0,0,0,0,0,0,0,0,0,0,0,0,0,0,0,0,0,0,0,0,0,0,0,0,0,0,0,0,0,0,0,0,0,0,0,0,0,0,0,0,0,0,0,0,0,0,0,0,0,0,0,0,0,0,0,0,0,0,0,0,0,0,0,0,0,0,0,0,0,0,0,0,0,0,0,0,0,0,0,0,0,0,0,0,0,0,0,0,0,0,0,0,0,0,0,0,0,0,0,0,0,0,0,0,0,0,0,0,0,0,0,0,0,0,0,0,0,0,0,0,0,0,0,0,0,0,0,0,0,0,0,0,0,0,0,0,0,0,0,0,0,0,0,0,0,0,0,0,0,0,0,0,0,0,0,0,0,0,0,0,0,0,
2022/03/02, 12:41:34, [  126],[    1],66,C6,0,0,E,0,C,0,70,0,8,0,C6,0,1,0,1,0,0,0,
2022/03/02, 12:41:34, [    1],[    1],67,C6,0,0,A8,0,32,0,5B,0,0,2,1,0,1,3,8,26,7,66,20,43,55,54,54,49,4E,47,20,53,50,45,45,44,20,20,20,20,20,20,20,20,20,20,20,32,35,2E,30,20,6D,6D,2F,73,65,63,0,0,1A,0,52,0,0,0,0,0,2,0,C,0,0,0,2,0,0,0,E,0,0,0,0,0,0,0,1,0,A,0,53,0,1,E,0,0,0,2,0,1,4A,0,70,0,46,0,D1,0,1,0,1,0,0,0,0,0,0,0,0,0,0,0,0,0,0,0,0,0,1,0,0,0,0,0,0,0,0,0,0,0,0,0,0,0,0,0,0,0,2,0,2,0,1,0,5,0,1,0,0,0,2,0,2,0,0,0,FF,FF,FF,FF,FF,FF,FF,FF,FF,FF,
2022/03/02, 12:41:37, [  109],[    1],68,C6,0,0,4C,0,4A,0,70,0,46,0,D1,0,1,0,1,0,0,0,0,0,0,0,0,0,0,0,0,0,0,0,0,0,1,0,0,0,0,0,0,0,0,0,0,0,0,0,0,0,0,0,0,0,2,0,2,0,1,0,5,0,1,0,0,0,0,0,2,0,0,0,FF,FF,FF,FF,FF,FF,FF,FF,FF,FF,
2022/03/02, 12:41:37, [   20],[    1],69,C6,0,0,8,0,6,0,5A,0,1,0,2,4,
2022/03/02, 12:41:37, [    1],[    1],6A,C6,0,0,60,1,1A,0,5B,0,0,1,2,0,1,0,0,8,4A,4F,42,20,4C,49,53,54,1,0,1,0,0,0,0,0,F6,0,5B,0,0,2,E,0,3,2,0,9,46,4D,54,56,5F,48,4F,4F,44,0,0,0,3,2,1,E,46,4D,54,56,5F,48,4F,4F,44,5F,42,41,43,4B,0,0,3,2,2,F,46,4D,54,56,5F,48,4F,4F,44,5F,46,52,4F,4E,54,0,3,2,3,F,46,4D,54,56,5F,48,4F,4F,44,5F,47,52,49,4C,4C,0,3,2,4,F,46,4D,54,56,5F,48,4F,4F,44,5F,48,4F,4C,45,53,0,3,2,5,E,46,4D,54,56,5F,48,4F,4F,44,5F,4C,45,46,54,0,0,3,2,6,11,46,4D,54,56,5F,48,4F,4F,44,5F,4C,4F,55,56,45,52,53,0,0,0,3,2,7,F,46,4D,54,56,5F,48,4F,4F,44,5F,52,49,47,48,54,0,7,2,8,4,48,4F,4D,45,0,2,9,A,4C,4F,47,49,43,5F,54,45,53,54,0,0,0,2,A,5,50,41,55,53,45,0,0,0,0,2,B,4,53,48,49,50,0,2,C,E,53,50,49,4E,44,45,5F,41,49,52,5F,4F,46,46,0,0,0,2,D,B,53,50,49,4E,44,4C,45,5F,41,49,52,0,E,0,5C,0,0,2,1,0,4,2,0,23,11,0,0,0,12,0,5E,0,0,2,0,0,0,0,0,0,E,0,0,0,38,0,0,0,1A,0,52,0,0,0,0,0,3,0,C,1,0,0,2,0,0,0,E,0,0,0,0,0,0,0,1,0,A,0,53,0,1,E,0,0,0,3,0,1,
2022/03/02, 12:41:37, [    1],[    1],6B,C6,0,0,76,0,6,0,5A,0,1,0,2,4,5C,0,70,0,58,0,E2,0,1,0,1,0,4,0,0,0,2C,0,0,0,0,0,0,0,0,0,0,0,0,0,0,0,0,0,1,0,2D,0,0,0,0,0,0,0,0,0,0,0,0,0,0,0,0,0,2,0,2E,0,0,0,0,0,0,0,0,0,0,0,0,0,0,0,0,0,3,0,2F,0,0,0,0,0,0,0,0,0,0,0,0,0,0,0,0,0,E,0,70,0,A,0,DC,0,1,0,1,0,0,0,0,0,
2022/03/02, 12:41:38, [    6],[    1],6C,C6,0,0,26,0,24,0,70,0,20,0,CB,0,1,0,1,0,4,0,4A,4F,42,2C,45,44,49,54,2C,44,49,53,50,4C,41,59,2C,55,54,49,4C,49,54,59,
2022/03/02, 12:41:38, [    1],[    1],6D,C6,0,0,18,1,B6,0,5B,0,0,2,8,0,1,2,E,10,53,59,53,5F,43,48,45,43,4B,5F,56,41,43,55,55,4D,1,2,F,11,53,59,53,5F,46,49,4C,54,45,52,53,5F,53,54,41,52,54,0,0,0,1,2,10,10,53,59,53,5F,46,49,4C,54,45,52,53,5F,53,54,4F,50,1,2,11,E,53,59,53,5F,52,45,53,45,54,5F,43,45,4C,4C,0,0,1,2,12,11,53,59,53,5F,53,50,49,4E,44,4C,45,5F,53,54,41,52,54,0,0,0,1,2,13,10,53,59,53,5F,53,50,49,4E,44,4C,45,5F,53,54,4F,50,1,2,14,F,53,59,53,5F,55,4E,4C,4F,43,4B,5F,47,41,54,45,0,1,2,15,16,53,59,53,5F,56,45,52,49,46,59,5F,47,41,54,45,5F,4C,4F,43,4B,45,44,0,0,4A,0,70,0,46,0,D1,0,1,0,1,0,0,0,0,0,0,0,0,0,0,0,0,0,1,0,0,0,0,0,0,0,0,0,0,0,0,0,0,0,0,0,0,0,0,0,0,0,2,0,2,0,1,0,5,0,0,0,0,0,0,0,2,0,0,0,FF,FF,FF,FF,FF,FF,FF,FF,FF,FF,12,0,5E,0,0,2,0,0,0,0,0,0,16,0,0,0,38,0,0,0,
2022/03/02, 12:41:38, [   18],[    1],6E,C6,0,0,2C,2,4E,0,5B,0,0,1,2,0,1,0,0,13,4A,4F,42,20,43,4F,4E,54,45,4E,54,3A,20,4D,41,53,54,45,52,0,0,0,1,2A,4A,3A,46,4D,54,56,5F,48,4F,4F,44,20,20,20,20,20,20,20,20,20,20,20,20,20,20,20,20,20,20,20,20,20,20,20,20,20,53,3A,30,30,30,30,0,0,8E,1,5B,0,0,2,C,0,5,1,0,8,30,30,30,30,20,4E,4F,50,1,1,1,1F,30,30,30,31,20,43,41,4C,4C,20,4A,4F,42,3A,53,59,53,5F,53,50,49,4E,44,4C,45,5F,53,54,41,52,54,0,1,1,2,1F,30,30,30,32,20,43,41,4C,4C,20,4A,4F,42,3A,53,59,53,5F,46,49,4C,54,45,52,53,5F,53,54,41,52,54,0,1,1,3,24,30,30,30,33,20,43,41,4C,4C,20,4A,4F,42,3A,53,59,53,5F,56,45,52,49,46,59,5F,47,41,54,45,5F,4C,4F,43,4B,45,44,1,1,4,1C,30,30,30,34,20,43,41,4C,4C,20,4A,4F,42,3A,46,4D,54,56,5F,48,4F,4F,44,5F,4C,45,46,54,1,1,5,1D,30,30,30,35,20,43,41,4C,4C,20,4A,4F,42,3A,46,4D,54,56,5F,48,4F,4F,44,5F,46,52,4F,4E,54,0,0,0,1,1,6,1D,30,30,30,36,20,43,41,4C,4C,20,4A,4F,42,3A,46,4D,54,56,5F,48,4F,4F,44,5F,52,49,47,48,54,0,0,0,1,1,7,1C,30,30,30,37,20,43,41,4C,4C,20,4A,4F,42,3A,46,4D,54,56,5F,48,4F,4F,44,5F,42,41,43,4B,1,1,8,1E,30,30,30,38,20,43,41,4C,4C,20,4A,4F,42,3A,53,59,53,5F,53,50,49,4E,44,4C,45,5F,53,54,4F,50,0,0,1,1,9,11,30,30,30,39,20,54,49,4D,45,52,20,54,3D,35,2E,30,30,0,0,0,1,1,A,1E,30,30,31,30,20,43,41,4C,4C,20,4A,4F,42,3A,53,59,53,5F,46,49,4C,54,45,52,53,5F,53,54,4F,50,0,0,1,1,B,1D,30,30,31,31,20,43,41,4C,4C,20,4A,4F,42,3A,53,59,53,5F,55,4E,4C,4F,43,4B,5F,47,41,54,45,0,0,0,E,0,5C,0,0,2,1,0,4,1,0,4,11,0,0,0,12,0,5E,0,0,2,0,0,0,0,0,0,C,0,0,0,C8,0,0,0,1A,0,52,0,0,0,0,0,3,0,4,1,0,0,3,0,0,0,C,0,0,0,0,0,0,0,1,0,A,0,53,0,1,E,0,0,0,B,0,1,
2022/03/02, 12:41:38, [    1],[    1],6F,C6,0,0,8,0,6,0,5A,0,1,0,2,4,
2022/03/02, 12:41:38, [    7],[    1],70,C6,0,0,68,1,52,1,5B,0,0,2,A,0,1,1,C,A,30,30,31,32,20,50,41,55,53,45,0,0,1,1,D,24,30,30,31,33,20,43,41,4C,4C,20,4A,4F,42,3A,53,59,53,5F,56,45,52,49,46,59,5F,47,41,54,45,5F,4C,4F,43,4B,45,44,1,1,E,1F,30,30,31,34,20,43,41,4C,4C,20,4A,4F,42,3A,53,59,53,5F,53,50,49,4E,44,4C,45,5F,53,54,41,52,54,0,1,1,F,1F,30,30,31,35,20,43,41,4C,4C,20,4A,4F,42,3A,53,59,53,5F,46,49,4C,54,45,52,53,5F,53,54,41,52,54,0,1,1,10,1D,30,30,31,36,20,43,41,4C,4C,20,4A,4F,42,3A,46,4D,54,56,5F,48,4F,4F,44,5F,48,4F,4C,45,53,0,0,0,1,1,11,1F,30,30,31,37,20,43,41,4C,4C,20,4A,4F,42,3A,46,4D,54,56,5F,48,4F,4F,44,5F,4C,4F,55,56,45,52,53,0,1,1,12,1E,30,30,31,38,20,43,41,4C,4C,20,4A,4F,42,3A,53,59,53,5F,53,50,49,4E,44,4C,45,5F,53,54,4F,50,0,0,1,1,13,11,30,30,31,39,20,54,49,4D,45,52,20,54,3D,35,2E,30,30,0,0,0,1,1,14,1E,30,30,32,30,20,43,41,4C,4C,20,4A,4F,42,3A,53,59,53,5F,46,49,4C,54,45,52,53,5F,53,54,4F,50,0,0,1,1,15,1D,30,30,32,31,20,43,41,4C,4C,20,4A,4F,42,3A,53,59,53,5F,55,4E,4C,4F,43,4B,5F,47,41,54,45,0,0,0,12,0,5E,0,0,2,0,0,0,0,0,0,18,0,0,0,C8,0,0,0,
