2021/09/02, 13:20:03, [    1],[    1],1,0,0,0,8,0,6,0,E,0,55,0,0,0,
2021/09/02, 13:20:03, [    1],[    1],2,0,0,0,4,0,2,0,4,0,
2021/09/02, 13:20:03, [    1],[    1],3,0,0,0,4,0,2,0,C,0,
2021/09/02, 13:20:03, [    1],[    1],4,0,0,0,4,0,2,0,9,0,
2021/09/02, 13:20:03, [    1],[    1],5,0,0,0,14,0,2,0,A0,0,6,0,A1,1,FF,FF,FF,0,6,0,F,0,0,0,0,0,
2021/09/02, 13:20:03, [    9],[    1],6,0,0,0,94,0,6,0,A2,0,0,0,0,0,24,0,A4,0,28,0,17,0,0,0,0,0,0,0,0,0,12,0,0,0,43,6F,70,79,72,69,67,68,74,28,63,29,20,32,30,31,36,2D,2E,0,A4,0,28,0,18,0,0,0,0,0,0,0,0,0,1C,0,0,0,59,61,73,6B,61,77,61,20,45,6C,65,63,74,72,69,63,20,43,6F,72,70,6F,72,61,74,69,6F,6E,2,0,A5,0,A,0,A3,0,4,0,1,0,1,0,0,0,24,0,A4,0,A,0,4,0,0,0,1,0,0,0,FF,0,12,0,0,0,53,74,61,72,74,69,6E,67,20,75,70,20,73,79,73,74,65,6D,
2021/09/02, 13:20:03, [    1],[    1],7,0,0,0,33,0,A,0,A3,1,6,0,1,0,1,0,74,24,25,0,A4,FF,A,0,6,0,0,0,1,0,0,0,0,0,13,0,0,0,30,31,30,30,20,53,65,74,75,70,20,48,61,72,64,57,61,72,65,
2021/09/02, 13:20:03, [    4],[    1],8,0,0,0,BA,0,A,0,A3,0,6,0,1,0,1,0,F,A,3B,0,A4,0,A,0,6,0,0,0,1,0,0,0,0,0,29,0,7,13,30,33,30,30,20,43,68,65,63,6B,20,50,61,72,61,6D,65,74,65,72,20,28,4F,66,66,6C,69,6E,65,20,55,73,69,6E,67,20,4F,6E,6C,79,29,A,0,A3,0,6,0,1,0,1,0,0,0,29,0,A4,0,A,0,6,0,0,0,1,0,0,0,0,0,17,0,0,0,30,34,30,30,20,53,74,61,72,74,20,42,6F,6F,74,20,50,72,6F,63,65,73,73,A,0,A3,1,6,0,1,0,1,0,0,0,2C,0,A4,0,A,0,6,0,0,0,1,0,0,0,0,0,1A,0,66,24,30,35,30,30,20,53,74,61,72,74,20,4F,66,66,6C,69,6E,65,20,50,72,6F,63,65,73,73,
2021/09/02, 13:20:03, [    4],[    1],9,0,0,0,9B,0,3C,0,A4,24,E,0,8,0,2,0,1,0,0,0,0,0,2A,0,EE,EE,30,34,31,31,20,54,72,61,6E,73,66,65,72,20,53,79,73,74,65,6D,2D,44,61,74,61,20,74,6F,20,53,44,43,41,30,31,20,20,42,6F,61,72,64,A,0,A3,0,8,0,1,0,1,0,0,0,A,0,A3,0,6,0,1,0,1,0,0,0,43,0,A4,0,A,0,6,0,0,0,1,0,0,0,0,0,31,0,7D,24,30,36,30,30,20,53,74,61,72,74,20,53,65,72,76,6F,20,43,6F,6D,6D,75,6E,69,63,61,74,69,6F,6E,20,49,6E,69,74,69,61,6C,69,7A,65,20,50,72,6F,63,65,73,73,
2021/09/02, 13:20:04, [    5],[    1],A,0,0,0,7C,0,A,0,A3,0,6,0,1,0,1,0,0,0,35,0,A4,24,A,0,6,0,0,0,1,0,0,0,0,0,23,0,B5,24,30,37,30,30,20,53,74,61,72,74,20,50,72,65,4F,6E,6C,69,6E,65,20,43,6F,6D,6D,6F,6E,20,50,72,6F,63,65,73,73,A,0,A3,0,6,0,1,0,1,0,A0,5,2B,0,A4,25,A,0,6,0,0,0,1,0,0,0,0,0,19,0,FF,FF,30,39,30,30,20,53,74,61,72,74,20,4F,6E,6C,69,6E,65,20,50,72,6F,63,65,73,73,
2021/09/02, 13:20:06, [   80],[    1],B,0,0,0,8,0,2,0,AF,0,2,0,7,0,
2021/09/02, 13:20:06, [    2],[    1],C,0,0,0,30,0,2A,0,5F,0,0,0,0,0,0,0,0,0,0,0,0,0,0,0,0,0,0,0,0,0,0,0,0,0,0,0,0,0,0,0,0,0,1,0,0,0,0,0,0,0,2,0,81,0,
2021/09/02, 13:20:06, [    4],[    1],D,0,0,0,AC,0,82,0,59,0,1,0,1,1,0,0,1,0,0,0,0,0,0,0,0,1,0,0,0,0,58,2,0,0,0,0,0,1,1,0,1,0,0,0,0,0,0,0,0,0,0,0,0,0,0,0,0,0,0,0,0,0,0,0,0,0,0,0,0,0,0,0,0,0,0,0,0,0,0,0,0,0,0,0,0,0,0,0,0,0,0,0,0,0,0,0,0,0,0,0,0,0,0,0,0,0,0,0,0,0,0,0,0,0,0,0,0,0,0,0,0,0,0,0,0,0,0,0,0,0,0,0,0,0,0,0,22,0,6,0,50,0,0,0,0,0,6,0,50,0,1,0,0,0,6,0,50,0,2,0,0,0,6,0,50,0,3,0,0,0,6,0,F,0,1,0,0,0,
2021/09/02, 13:20:06, [    3],[    1],E,0,0,0,C4,1,1E,0,69,0,0,0,0,0,0,0,0,0,0,0,0,0,0,0,0,0,0,0,0,0,0,0,0,0,0,0,0,0,22,1,66,0,1,1,0,0,1,2,0,0,1,3,0,0,1,4,0,0,1,5,0,0,1,6,0,0,2,1,0,0,2,2,0,0,2,3,0,0,2,4,0,0,2,5,0,0,2,6,0,0,0,0,0,0,0,0,0,0,0,0,0,0,0,0,0,0,0,0,0,0,0,0,0,0,0,0,0,0,0,0,0,0,0,0,0,0,0,0,0,0,0,0,0,0,0,0,0,0,0,0,0,0,0,0,0,0,0,0,0,0,0,0,0,0,0,0,0,0,0,0,0,0,0,0,0,0,0,0,0,0,0,0,0,0,0,0,0,0,0,0,0,0,0,0,0,0,0,0,0,0,0,0,0,0,0,0,0,0,0,0,0,0,0,0,0,0,0,0,0,0,0,0,0,0,0,0,0,0,0,0,0,0,0,0,0,0,0,0,0,0,0,0,0,0,0,0,0,0,0,0,0,0,0,0,0,0,0,0,0,0,0,0,0,0,0,0,0,0,0,0,0,0,0,0,0,0,0,0,0,0,0,0,0,0,0,0,0,0,0,0,0,0,0,0,0,0,0,0,0,0,0,0,0,0,0,0,0,0,0,0,0,0,0,0,0,0,0,0,0,0,0,0,0,0,0,0,0,0,0,0,0,0,0,0,0,0,0,0,0,0,1E,0,67,0,1,0,0,0,0,0,0,0,0,0,0,0,0,0,0,0,0,0,0,0,0,0,0,0,0,0,0,0,1E,0,67,0,2,0,0,0,0,0,0,0,0,0,0,0,0,0,0,0,0,0,0,0,0,0,0,0,0,0,0,0,1E,0,68,0,1,0,0,0,0,0,0,0,0,0,0,0,0,0,0,0,0,0,0,0,0,0,0,0,0,0,0,0,1E,0,68,0,2,1,0,0,0,0,0,0,0,0,0,0,0,0,0,0,0,0,0,0,0,0,0,0,0,0,0,0,
2021/09/02, 13:20:06, [    1],[    1],F,0,0,0,18,1,6E,0,79,0,1,1,0,0,0,0,0,0,0,0,0,0,0,0,0,0,0,0,0,0,0,0,0,0,0,0,0,0,0,0,0,0,0,0,0,0,0,0,0,0,0,0,0,0,0,0,0,0,0,0,0,0,0,0,0,0,0,0,0,0,0,0,0,0,0,0,0,0,0,0,0,0,0,0,0,0,0,0,0,0,0,0,0,0,0,0,0,0,0,0,0,0,0,0,0,0,0,0,0,0,0,0,0,0,0,0,0,0,6E,0,79,0,2,1,0,0,0,0,0,0,0,0,0,0,0,0,0,0,0,0,0,0,0,0,0,0,0,0,0,0,0,0,0,0,0,0,0,0,0,0,0,0,0,0,0,0,0,0,0,0,0,0,0,0,0,0,0,0,0,0,0,0,0,0,0,0,0,0,0,0,0,0,0,0,0,0,0,0,0,0,0,0,0,0,0,0,0,0,0,0,0,0,0,0,0,0,0,0,0,0,0,0,0,0,0,0,0,0,0,0,1E,0,69,0,0,0,0,0,0,0,0,0,0,0,0,0,0,0,0,0,0,0,0,0,0,0,0,0,0,0,0,0,E,0,70,0,A,0,A4,0,1,0,1,0,1,0,0,0,6,0,5A,FF,1,0,2,4,
2021/09/02, 13:20:06, [    6],[    1],10,0,0,0,1C,3,52,1,70,0,4E,1,A0,0,1,0,1,0,0,0,0,0,A,0,0,0,4A,4F,42,0,0,0,0,0,0,0,0,0,0,0,0,0,0,0,0,0,0,0,0,0,0,0,5,0,FF,FF,0,0,47,45,4E,45,52,41,4C,0,0,0,0,0,0,0,0,0,0,0,0,0,0,0,0,0,1,0,7,0,7,0,0,0,56,41,52,49,41,42,4C,45,0,0,0,0,0,0,0,0,0,0,0,0,0,0,0,0,2,0,9,0,FF,FF,0,0,49,4E,2F,4F,55,54,0,0,0,0,0,0,0,0,0,0,0,0,0,0,0,0,0,0,3,0,A,0,FF,FF,0,0,52,4F,42,4F,54,0,0,0,0,0,0,0,0,0,0,0,0,0,0,0,0,0,0,0,4,0,B,0,FF,FF,0,0,53,59,53,54,45,4D,20,49,4E,46,4F,0,0,0,0,0,0,0,0,0,0,0,0,0,5,0,C,0,FF,FF,0,0,45,58,2E,20,4D,45,4D,4F,52,59,0,0,0,0,0,0,0,0,0,0,0,0,0,0,6,0,D,0,FF,FF,0,0,53,45,54,55,50,0,0,0,0,0,0,0,0,0,0,0,0,0,0,0,0,0,0,0,8,0,F,0,FF,FF,0,0,53,41,46,45,54,59,20,46,55,4E,43,2E,0,0,0,0,0,0,0,0,0,0,0,0,9,0,82,0,FF,FF,0,0,50,4D,0,0,0,0,0,0,0,0,0,0,0,0,0,0,0,0,0,0,0,0,0,0,A,0,94,0,FF,FF,0,0,22,0,70,0,1E,0,A1,0,1,0,1,0,0,0,A,0,0,0,1,0,2,0,3,0,4,0,5,0,6,0,8,0,9,0,A,0,12,1,70,0,E,1,A2,0,1,0,1,0,0,0,0,0,8,0,0,0,4A,4F,42,0,0,0,0,0,0,0,0,0,0,0,0,0,0,0,0,0,0,0,0,0,0,0,10,0,0,0,0,0,53,45,4C,45,43,54,20,4A,4F,42,0,0,0,0,0,0,0,0,0,0,0,0,0,0,1,0,11,0,0,0,0,0,43,52,45,41,54,45,20,4E,45,57,20,4A,4F,42,0,0,0,0,0,0,0,0,0,0,4,0,12,0,0,0,0,0,4A,4F,42,20,43,41,50,41,43,49,54,59,0,0,0,0,0,0,0,0,0,0,0,0,6,0,14,0,0,0,0,0,43,54,52,4C,20,4D,41,53,54,45,52,0,0,0,0,0,0,0,0,0,0,0,0,0,9,0,13,0,0,0,0,0,43,59,43,4C,45,0,0,0,0,0,0,0,0,0,0,0,0,0,0,0,0,0,0,0,D,0,16,0,0,0,0,0,4A,4F,42,20,45,44,49,54,28,50,4C,41,59,29,0,0,0,0,0,0,0,0,0,0,F,0,10,0,0,0,0,0,50,4C,41,59,20,45,44,49,54,20,4A,4F,42,20,4C,49,53,54,0,0,0,0,0,0,10,0,10,0,0,0,0,0,22,0,70,0,1E,0,A3,0,1,0,1,0,0,0,0,0,8,0,0,0,0,0,1,0,4,0,6,0,9,0,D,0,F,0,10,0,52,0,70,0,4E,0,A2,0,1,0,1,0,0,0,1,0,2,0,0,0,57,45,41,56,49,4E,47,0,0,0,0,0,0,0,0,0,0,0,0,0,0,0,0,0,C,0,1C,0,0,0,0,0,47,45,4E,45,52,41,4C,20,44,49,41,47,2E,0,0,0,0,0,0,0,0,0,0,0,3F,0,9B,0,0,0,0,0,16,0,70,0,12,0,A3,0,1,0,1,0,0,0,1,0,2,0,0,0,C,0,3F,0,
2021/09/02, 13:20:06, [    1],[    1],11,0,0,0,7C,1,52,1,70,0,4E,1,A2,0,1,0,1,0,0,0,2,0,A,0,0,0,42,59,54,45,0,0,0,0,0,0,0,0,0,0,0,0,0,0,0,0,0,0,0,0,0,0,1E,0,0,0,0,0,49,4E,54,45,47,45,52,0,0,0,0,0,0,0,0,0,0,0,0,0,0,0,0,0,1,0,1F,0,0,0,0,0,44,4F,55,42,4C,45,0,0,0,0,0,0,0,0,0,0,0,0,0,0,0,0,0,0,2,0,20,0,0,0,0,0,52,45,41,4C,0,0,0,0,0,0,0,0,0,0,0,0,0,0,0,0,0,0,0,0,3,0,21,0,0,0,0,0,53,54,52,49,4E,47,0,0,0,0,0,0,0,0,0,0,0,0,0,0,0,0,0,0,4,0,22,0,0,0,0,0,50,4F,53,49,54,49,4F,4E,28,52,4F,42,4F,54,29,0,0,0,0,0,0,0,0,0,5,0,23,0,0,0,0,0,4C,4F,43,41,4C,20,56,41,52,49,41,42,4C,45,0,0,0,0,0,0,0,0,0,0,8,0,26,0,0,0,0,0,54,49,4D,45,52,0,0,0,0,0,0,0,0,0,0,0,0,0,0,0,0,0,0,0,11,0,AF,0,0,0,0,0,54,49,4D,45,52,20,46,4C,41,47,0,0,0,0,0,0,0,0,0,0,0,0,0,0,12,0,B0,0,0,0,0,0,46,4C,41,47,0,0,0,0,0,0,0,0,0,0,0,0,0,0,0,0,0,0,0,0,13,0,C8,0,0,0,0,0,26,0,70,0,22,0,A3,0,1,0,1,0,0,0,2,0,A,0,0,0,0,0,1,0,2,0,3,0,4,0,5,0,8,0,11,0,12,0,13,0,
2021/09/02, 13:20:06, [    1],[    2],12,0,0,0,36,3,F2,2,70,0,EE,2,A2,0,1,0,1,0,0,0,3,0,17,0,0,0,45,58,54,45,52,4E,41,4C,20,49,4E,50,55,54,0,0,0,0,0,0,0,0,0,0,0,0,0,0,0,0,0,0,45,58,54,45,52,4E,41,4C,20,4F,55,54,50,55,54,0,0,0,0,0,0,0,0,0,1,0,0,0,0,0,0,0,47,45,4E,45,52,41,4C,20,50,55,52,50,4F,53,45,20,49,4E,50,55,54,0,0,0,2,0,0,0,0,0,0,0,47,45,4E,45,52,41,4C,20,50,55,52,50,4F,53,45,20,4F,55,54,50,55,54,0,0,3,0,0,0,0,0,0,0,53,50,45,43,49,46,49,43,20,49,4E,50,55,54,0,0,0,0,0,0,0,0,0,0,4,0,0,0,0,0,0,0,53,50,45,43,49,46,49,43,20,4F,55,54,50,55,54,0,0,0,0,0,0,0,0,0,5,0,0,0,0,0,0,0,52,49,4E,0,0,0,0,0,0,0,0,0,0,0,0,0,0,0,0,0,0,0,0,0,7,0,0,0,0,0,0,0,52,45,47,49,53,54,45,52,0,0,0,0,0,0,0,0,0,0,0,0,0,0,0,0,9,0,0,0,0,0,0,0,41,55,58,49,4C,49,41,52,59,20,52,45,4C,41,59,0,0,0,0,0,0,0,0,0,A,0,0,0,0,0,0,0,49,4E,54,45,52,4E,41,4C,20,43,4F,4E,54,52,4F,4C,20,53,54,41,54,55,53,0,B,0,0,0,0,0,0,0,50,53,45,55,44,4F,20,49,4E,50,55,54,20,53,49,47,0,0,0,0,0,0,0,0,C,0,0,0,0,0,0,0,4E,45,54,57,4F,52,4B,20,49,4E,50,55,54,0,0,0,0,0,0,0,0,0,0,0,D,0,0,0,0,0,0,0,4E,45,54,57,4F,52,4B,20,4F,55,54,50,55,54,0,0,0,0,0,0,0,0,0,0,E,0,0,0,0,0,0,0,41,4E,41,4C,4F,47,20,4F,55,54,50,55,54,0,0,0,0,0,0,0,0,0,0,0,10,0,0,0,0,0,0,0,53,56,20,50,4F,57,45,52,20,53,54,41,54,55,53,0,0,0,0,0,0,0,0,0,11,0,9C,0,0,0,0,0,4C,41,44,44,45,52,20,45,44,49,54,4F,52,0,0,0,0,0,0,0,0,0,0,0,12,0,4F,0,81,0,0,0,52,45,4D,4F,54,45,0,0,0,0,0,0,0,0,0,0,0,0,0,0,0,0,0,0,17,0,9E,0,0,0,0,0,54,45,52,4D,49,4E,41,4C,0,0,0,0,0,0,0,0,0,0,0,0,0,0,0,0,1D,0,0,0,0,0,0,0,43,4F,4D,4D,55,4E,49,43,41,54,49,4F,4E,20,4D,4F,4E,49,54,4F,52,0,0,0,1E,0,0,0,0,0,0,0,49,4F,20,53,49,4D,55,4C,41,54,49,4F,4E,20,4C,49,53,54,0,0,0,0,0,0,21,0,0,0,0,0,0,0,52,42,20,53,54,4F,50,20,46,41,43,54,4F,52,20,4D,4F,4E,49,54,4F,52,0,0,24,0,A0,0,0,0,0,0,55,53,45,52,20,47,52,4F,55,50,20,49,4E,50,55,54,0,0,0,0,0,0,0,0,25,0,0,0,0,0,0,0,55,53,45,52,20,47,52,4F,55,50,20,4F,55,54,50,55,54,0,0,0,0,0,0,0,26,0,0,0,0,0,0,0,40,0,70,0,3C,0,A3,0,1,0,1,0,0,0,3,0,17,0,0,0,0,0,1,0,2,0,3,0,4,0,5,0,7,0,9,0,A,0,B,0,C,0,D,0,E,0,10,0,11,0,12,0,17,0,1D,0,1E,0,21,0,24,0,25,0,26,0,
2021/09/02, 13:20:06, [    2],[    1],13,0,0,0,8C,2,52,2,70,0,4E,2,A2,0,1,0,1,0,0,0,4,0,12,0,0,0,43,55,52,52,45,4E,54,20,50,4F,53,49,54,49,4F,4E,0,0,0,0,0,0,0,0,0,0,27,0,0,0,0,0,43,4F,4D,4D,41,4E,44,20,50,4F,53,49,54,49,4F,4E,0,0,0,0,0,0,0,0,1,0,28,0,0,0,0,0,57,4F,52,4B,20,48,4F,4D,45,20,50,4F,53,0,0,0,0,0,0,0,0,0,0,0,3,0,2A,0,0,0,0,0,53,45,43,4F,4E,44,20,48,4F,4D,45,20,50,4F,53,0,0,0,0,0,0,0,0,0,4,0,2B,0,0,0,0,0,50,4F,57,45,52,20,4F,4E,2F,4F,46,46,20,50,4F,53,0,0,0,0,0,0,0,0,6,0,2C,0,0,0,0,0,54,4F,4F,4C,0,0,0,0,0,0,0,0,0,0,0,0,0,0,0,0,0,0,0,0,7,0,2D,0,0,0,0,0,53,48,4F,43,4B,20,53,45,4E,53,20,4C,45,56,45,4C,0,0,0,0,0,0,0,0,A,0,2E,0,0,0,0,0,55,53,45,52,20,43,4F,4F,52,44,49,4E,41,54,45,0,0,0,0,0,0,0,0,0,B,0,2F,0,0,0,0,0,52,4F,42,4F,54,20,43,41,4C,49,42,0,0,0,0,0,0,0,0,0,0,0,0,0,E,0,32,0,0,0,0,0,4F,56,45,52,52,55,4E,26,53,2D,53,45,4E,53,4F,52,0,0,0,0,0,0,0,0,12,0,34,0,0,0,0,0,4C,49,4D,49,54,20,52,45,4C,45,41,53,45,0,0,0,0,0,0,0,0,0,0,0,13,0,35,0,0,0,0,0,53,48,49,46,54,20,56,41,4C,55,45,0,0,0,0,0,0,0,0,0,0,0,0,0,1F,0,37,0,0,0,0,0,54,4F,4F,4C,20,49,4E,54,45,52,46,45,52,45,0,0,0,0,0,0,0,0,0,0,20,0,A3,0,0,0,0,0,4D,41,4E,55,41,4C,20,42,52,41,4B,45,20,52,45,4C,45,41,53,45,0,0,0,0,2C,0,A4,0,0,0,0,0,50,45,4E,44,41,4E,54,20,4F,53,43,49,4C,4C,4F,53,43,4F,50,45,0,0,0,0,2D,0,80,0,84,0,0,0,53,48,4F,43,4B,20,53,45,4E,53,20,4C,56,2E,28,43,55,52,52,45,4E,54,29,0,32,0,A7,0,0,0,0,0,52,45,47,45,4E,45,52,41,54,49,4F,4E,0,0,0,0,0,0,0,0,0,0,0,0,34,0,0,0,86,0,0,0,33,44,20,47,52,41,50,48,49,43,53,0,0,0,0,0,0,0,0,0,0,0,0,0,38,0,C9,0,49,0,0,0,36,0,70,0,32,0,A3,0,1,0,1,0,0,0,4,0,12,0,0,0,0,0,1,0,3,0,4,0,6,0,7,0,A,0,B,0,E,0,12,0,13,0,1F,0,20,0,2C,0,2D,0,32,0,34,0,38,0,
2021/09/02, 13:20:06, [    1],[    1],14,0,0,0,F8,2,92,1,70,0,8E,1,A2,0,1,0,1,0,0,0,5,0,C,0,0,0,56,45,52,53,49,4F,4E,0,0,0,0,0,0,0,0,0,0,0,0,0,0,0,0,0,0,0,38,0,0,0,0,0,4D,4F,4E,49,54,4F,52,49,4E,47,20,54,49,4D,45,0,0,0,0,0,0,0,0,0,1,0,39,0,0,0,0,0,43,4F,4E,54,52,4F,4C,4C,45,52,20,49,4E,46,4F,52,4D,41,54,49,4F,4E,0,0,2,0,AB,0,0,0,0,0,41,4C,41,52,4D,20,48,49,53,54,4F,52,59,0,0,0,0,0,0,0,0,0,0,0,5,0,3A,0,0,0,0,0,49,2F,4F,20,4D,53,47,20,48,49,53,54,4F,52,59,0,0,0,0,0,0,0,0,0,7,0,54,0,0,0,0,0,4C,4F,47,44,41,54,41,0,0,0,0,0,0,0,0,0,0,0,0,0,0,0,0,0,E,0,6D,0,0,0,0,0,55,53,45,52,20,44,45,46,49,4E,49,54,49,4F,4E,20,4D,45,4E,55,0,0,0,0,F,0,7D,0,0,0,0,0,43,50,55,20,52,45,53,45,54,0,0,0,0,0,0,0,0,0,0,0,0,0,0,0,10,0,CD,0,0,0,0,0,51,52,20,43,4F,44,45,0,0,0,0,0,0,0,0,0,0,0,0,0,0,0,0,0,13,0,AD,0,89,0,0,0,4E,45,54,57,4F,52,4B,20,55,54,49,4C,49,54,59,0,0,0,0,0,0,0,0,0,14,0,CA,0,0,0,0,0,48,49,2D,53,50,45,45,44,20,45,54,48,45,52,2E,45,52,52,20,4C,4F,47,2E,0,15,0,CB,0,0,0,0,0,53,45,43,55,52,49,54,59,0,0,0,0,0,0,0,0,0,0,0,0,0,0,0,0,1A,0,3C,0,0,0,0,0,2A,0,70,0,26,0,A3,0,1,0,1,0,0,0,5,0,C,0,0,0,0,0,1,0,2,0,5,0,7,0,E,0,F,0,10,0,13,0,14,0,15,0,1A,0,12,1,70,0,E,1,A2,0,1,0,1,0,0,0,6,0,8,0,0,0,4C,4F,41,44,0,0,0,0,0,0,0,0,0,0,0,0,0,0,0,0,0,0,0,0,0,0,3D,0,0,0,0,0,53,41,56,45,0,0,0,0,0,0,0,0,0,0,0,0,0,0,0,0,0,0,0,0,1,0,3E,0,0,0,0,0,56,45,52,49,46,59,0,0,0,0,0,0,0,0,0,0,0,0,0,0,0,0,0,0,2,0,3F,0,0,0,0,0,44,45,4C,45,54,45,0,0,0,0,0,0,0,0,0,0,0,0,0,0,0,0,0,0,3,0,40,0,0,0,0,0,44,45,56,49,43,45,0,0,0,0,0,0,0,0,0,0,0,0,0,0,0,0,0,0,5,0,42,0,0,0,0,0,46,54,50,20,50,52,4F,46,49,4C,45,0,0,0,0,0,0,0,0,0,0,0,0,0,6,0,0,0,0,0,0,0,46,4F,4C,44,45,52,0,0,0,0,0,0,0,0,0,0,0,0,0,0,0,0,0,0,7,0,43,0,0,0,0,0,43,4F,4D,4D,20,53,45,54,54,49,4E,47,28,45,58,50,41,4E,44,29,0,0,0,0,9,0,0,0,0,0,0,0,22,0,70,0,1E,0,A3,0,1,0,1,0,0,0,6,0,8,0,0,0,0,0,1,0,2,0,3,0,5,0,6,0,7,0,9,0,
2021/09/02, 13:20:06, [    1],[    2],15,0,0,0,EC,3,B2,1,70,0,AE,1,A2,0,1,0,1,0,0,0,8,0,D,0,0,0,54,45,41,43,48,49,4E,47,20,43,4F,4E,44,2E,0,0,0,0,0,0,0,0,0,0,0,0,44,0,0,0,0,0,44,49,53,50,4C,41,59,20,43,4F,4C,4F,52,20,43,4F,4E,44,2E,0,0,0,0,0,7,0,7F,0,0,0,0,0,53,45,54,20,57,4F,52,44,0,0,0,0,0,0,0,0,0,0,0,0,0,0,0,0,B,0,7E,0,0,0,0,0,52,45,53,45,52,56,45,20,4A,4F,42,20,4E,41,4D,45,0,0,0,0,0,0,0,0,C,0,47,0,0,0,0,0,55,53,45,52,20,49,44,0,0,0,0,0,0,0,0,0,0,0,0,0,0,0,0,0,D,0,49,0,0,0,0,0,53,49,4D,55,4C,54,41,4E,45,4F,55,53,20,4B,45,59,20,48,45,4C,50,0,0,0,11,0,4B,0,0,0,0,0,4A,4F,47,20,4B,45,59,20,41,4C,4C,4F,43,2E,0,0,0,0,0,0,0,0,0,0,12,0,6E,0,0,0,0,0,57,52,4F,4E,47,20,44,41,54,41,20,4C,4F,47,0,0,0,0,0,0,0,0,0,0,18,0,63,0,0,0,0,0,45,4E,45,52,47,59,20,53,41,56,49,4E,47,20,46,55,4E,43,54,49,4F,4E,0,0,19,0,6F,0,0,0,0,0,45,4E,43,4F,44,45,52,20,4D,41,49,4E,54,45,4E,41,4E,43,45,0,0,0,0,0,1A,0,AA,0,0,0,0,0,53,45,54,54,4D,20,53,45,54,55,50,0,0,0,0,0,0,0,0,0,0,0,0,0,1D,0,BC,0,0,0,0,0,52,4F,42,4F,54,20,41,52,52,41,4E,47,45,4D,45,4E,54,20,53,45,54,55,50,0,1E,0,CE,0,0,0,0,0,53,50,45,45,44,20,4F,56,45,52,52,49,44,45,20,53,45,54,54,49,4E,47,0,0,22,0,0,0,0,0,0,0,2C,0,70,0,28,0,A3,0,1,0,1,0,0,0,8,0,D,0,0,0,0,0,7,0,B,0,C,0,D,0,11,0,12,0,18,0,19,0,1A,0,1D,0,1E,0,22,0,D2,0,70,0,CE,0,A2,0,1,0,1,0,0,0,9,0,6,0,0,0,54,49,4D,45,52,20,44,45,4C,41,59,20,53,45,54,0,0,0,0,0,0,0,0,0,B,0,8F,0,0,0,0,0,53,41,46,45,54,59,20,4C,4F,47,49,43,20,43,49,52,43,55,49,54,0,0,0,0,C,0,8D,0,0,0,0,0,53,4C,43,20,53,49,47,4E,41,4C,20,44,49,53,50,4C,41,59,0,0,0,0,0,0,11,0,D1,0,0,0,0,0,53,4C,43,20,53,49,47,4E,41,4C,20,44,49,53,50,4C,41,59,20,53,45,54,0,0,12,0,D2,0,0,0,0,0,53,50,49,4E,20,43,4F,4D,4D,45,4E,54,20,53,45,54,0,0,0,0,0,0,0,0,13,0,D3,0,0,0,0,0,54,4F,54,41,4C,20,43,52,43,20,44,49,53,50,4C,41,59,0,0,0,0,0,0,0,15,0,0,0,0,0,0,0,1E,0,70,0,1A,0,A3,0,1,0,1,0,0,0,9,0,6,0,0,0,B,0,C,0,11,0,12,0,13,0,15,0,F2,0,70,0,EE,0,A2,0,1,0,1,0,0,0,A,0,7,0,0,0,50,4D,28,52,45,44,55,43,45,52,29,0,0,0,0,0,0,0,0,0,0,0,0,0,0,0,95,0,0,0,0,0,49,4E,53,50,45,43,54,49,4F,4E,20,4E,4F,54,49,43,45,0,0,0,0,0,0,0,2,0,97,0,0,0,0,0,49,4E,53,50,45,43,54,49,4F,4E,20,52,45,43,4F,52,44,0,0,0,0,0,0,0,3,0,98,0,0,0,0,0,4F,50,45,52,41,54,49,4E,47,20,53,54,41,54,55,53,0,0,0,0,0,0,0,0,4,0,D5,0,8D,0,0,0,4A,4F,42,20,4D,4F,4E,49,54,4F,52,0,0,0,0,0,0,0,0,0,0,0,0,0,5,0,D6,0,0,0,0,0,53,54,45,50,20,44,49,41,47,4E,4F,53,49,53,0,0,0,0,0,0,0,0,0,0,6,0,D7,0,0,0,0,0,52,4F,42,4F,54,20,4D,4F,4E,49,54,4F,52,0,0,0,0,0,0,0,0,0,0,0,7,0,D8,0,0,0,0,0,20,0,70,0,1C,0,A3,0,1,0,1,0,0,0,A,0,7,0,0,0,0,0,2,0,3,0,4,0,5,0,6,0,7,0,
2021/09/02, 13:20:06, [    2],[    1],16,0,0,0,4C,0,E,0,70,0,A,0,A4,0,1,0,1,0,0,0,0,0,3A,0,70,0,36,0,DC,0,1,0,1,0,0,2,0,0,3,F,0,0,54,45,41,43,48,2D,4C,4F,43,4B,20,73,65,74,20,0,3,14,0,0,54,75,72,6E,20,6F,6E,20,73,65,72,76,6F,20,70,6F,77,65,72,20,
2021/09/02, 13:20:06, [    2],[    1],17,0,0,0,9C,0,16,0,61,0,0,0,0,8,0,0,0,0,0,0,0,0,0,0,0,0,0,0,0,0,6,0,62,0,1,0,0,0,22,0,5D,0,0,0,0,0,1,1,0,0,0,6,0,0,0,0,0,0,0,0,0,0,0,0,0,0,0,0,0,0,0,0,A,0,26,0,5B,0,0,2,1,0,0,0,1,1A,50,6C,65,61,73,65,20,73,65,6C,65,63,74,20,61,20,4D,61,69,6E,20,4D,65,6E,75,2E,0,0,12,0,5E,0,0,2,0,0,0,0,0,0,2,0,0,0,28,0,0,0,1A,0,52,0,0,0,0,0,3,0,C,1,0,0,1,0,0,0,F,0,0,0,0,0,0,0,0,0,
2021/09/02, 13:20:06, [    1],[    1],18,0,0,0,29,0,A,0,53,0,1,E,0,0,0,3,0,1,6,0,5A,FF,1,0,2,4,13,0,70,0,F,0,CB,0,1,0,1,0,4,0,20,2C,20,2C,20,2C,20,
2021/09/02, 13:20:07, [   51],[    1],19,0,0,0,8,0,6,0,5A,0,FF,0,0,1,
2021/09/02, 13:20:08, [   25],[    1],1A,0,0,0,EE,1,EC,1,70,0,E8,1,E6,0,1,0,1,0,50,61,6E,65,6C,20,31,0,0,0,0,0,0,0,0,0,50,61,6E,65,6C,20,32,0,0,0,0,0,0,0,0,0,50,61,6E,65,6C,20,33,0,0,0,0,0,0,0,0,0,50,61,6E,65,6C,20,34,0,0,0,0,0,0,0,0,0,50,61,6E,65,6C,20,35,0,0,0,0,0,0,0,0,0,50,61,6E,65,6C,20,36,0,0,0,0,0,0,0,0,0,50,61,6E,65,6C,20,37,0,0,0,0,0,0,0,0,0,50,61,6E,65,6C,20,38,0,0,0,0,0,0,0,0,0,50,61,6E,65,6C,20,39,0,0,0,0,0,0,0,0,0,50,61,6E,65,6C,20,31,30,0,0,0,0,0,0,0,0,50,61,6E,65,6C,20,31,31,0,0,0,0,0,0,0,0,50,61,6E,65,6C,20,31,32,0,0,0,0,0,0,0,0,50,61,6E,65,6C,20,31,33,0,0,0,0,0,0,0,0,50,61,6E,65,6C,20,31,34,0,0,0,0,0,0,0,0,50,61,6E,65,6C,20,31,35,0,0,0,0,0,0,0,0,50,61,6E,65,6C,20,31,0,0,0,0,0,0,0,0,0,50,61,6E,65,6C,20,32,0,0,0,0,0,0,0,0,0,50,61,6E,65,6C,20,33,0,0,0,0,0,0,0,0,0,50,61,6E,65,6C,20,34,0,0,0,0,0,0,0,0,0,50,61,6E,65,6C,20,35,0,0,0,0,0,0,0,0,0,50,61,6E,65,6C,20,36,0,0,0,0,0,0,0,0,0,50,61,6E,65,6C,20,37,0,0,0,0,0,0,0,0,0,50,61,6E,65,6C,20,38,0,0,0,0,0,0,0,0,0,50,61,6E,65,6C,20,39,0,0,0,0,0,0,0,0,0,50,61,6E,65,6C,20,31,30,0,0,0,0,0,0,0,0,50,61,6E,65,6C,20,31,31,0,0,0,0,0,0,0,0,50,61,6E,65,6C,20,31,32,0,0,0,0,0,0,0,0,50,61,6E,65,6C,20,31,33,0,0,0,0,0,0,0,0,50,61,6E,65,6C,20,31,34,0,0,0,0,0,0,0,0,50,61,6E,65,6C,20,31,35,0,0,0,0,0,0,0,0,0,0,
2021/09/02, 13:20:08, [    1],[    1],1B,0,0,0,66,0,64,0,70,0,60,0,F1,0,1,0,1,0,0,1,0,0,8,4,0,0,1,C,0,0,0,0,0,0,4F,50,45,52,41,54,49,4F,4E,0,0,0,50,52,4F,48,20,20,50,45,52,4D,0,0,0,0,0,0,0,0,0,0,0,0,0,0,91,80,8D,EC,0,0,0,0,0,0,0,0,8B,D6,8E,7E,20,20,8B,96,89,C2,0,0,0,0,0,0,0,0,0,0,0,0,0,0,0,0,
2021/09/02, 13:20:08, [    9],[    1],1C,0,0,0,AA,0,4A,0,70,0,46,0,D1,0,1,0,1,0,1,0,1,0,1,0,1,0,0,0,1,0,1,0,1,0,1,0,1,0,1,0,1,0,0,0,0,0,0,0,0,0,28,0,0,0,1,0,1,0,FF,FF,5,0,0,0,0,0,2,0,2,0,0,0,40,0,FF,FF,FF,FF,FF,FF,FF,FF,5C,0,70,0,58,0,E2,0,1,0,1,0,4,0,0,0,2C,0,0,0,0,0,0,0,0,0,0,0,0,0,0,0,0,0,1,0,2D,0,0,0,0,0,0,0,0,0,0,0,0,0,0,0,0,0,2,0,2E,0,0,0,0,0,0,0,0,0,0,0,0,0,0,0,0,0,3,0,2F,0,0,0,0,0,0,0,0,0,0,0,0,0,0,0,0,0,
2021/09/02, 13:20:09, [    8],[    1],1D,0,0,0,8,0,6,0,A,0,88,13,0,0,
2021/09/02, 13:20:09, [    1],[    1],1E,0,0,0,8,0,6,0,65,0,2,0,0,0,
2021/09/02, 13:20:09, [    1],[    1],1F,0,0,0,8,0,6,0,5A,FF,1,0,2,4,
2021/09/02, 13:20:09, [    1],[    1],20,0,0,0,C0,0,E,0,70,0,A,0,A4,0,1,0,1,0,1,0,0,0,22,0,5B,0,0,1,1,0,0,0,0,16,41,4C,41,52,4D,20,20,20,20,20,20,20,20,20,20,20,4E,55,4D,3A,20,31,0,0,4A,0,5B,0,0,2,3,0,0,0,0,A,41,4C,41,52,4D,20,30,30,31,30,0,0,1,2,1,1F,43,50,55,20,42,4F,41,52,44,20,49,4E,53,45,52,54,49,4F,4E,20,45,52,52,2E,28,53,45,52,56,4F,29,0,0,4,2,B,5B,30,30,30,30,5F,30,30,31,31,5D,0,E,0,5C,0,0,2,1,0,4,0,0,A,11,0,0,0,12,0,5E,0,0,2,0,0,0,0,0,0,3,0,0,0,38,0,0,0,1A,0,52,0,0,0,0,0,3,0,C,1,0,0,1,0,0,0,F,0,0,0,0,0,0,0,0,0,
2021/09/02, 13:20:09, [    1],[    1],21,0,0,0,14,0,A,0,53,0,1,E,0,0,0,3,0,1,6,0,5A,FF,1,0,2,4,
2021/09/02, 13:20:09, [    6],[    1],22,0,0,0,27,0,25,0,70,0,21,0,CB,0,1,0,1,0,4,0,44,41,54,41,2C,45,44,49,54,2C,44,49,53,50,4C,41,59,2C,55,54,49,4C,49,54,59,
2021/09/02, 13:20:09, [    1],[    1],23,0,0,0,4C,0,4A,0,70,0,46,0,D1,0,1,0,1,0,0,0,0,0,0,0,0,0,0,0,1,0,0,0,0,0,0,0,0,0,0,0,0,0,0,0,0,0,0,0,0,0,28,0,0,0,1,0,1,0,FF,FF,0,0,0,0,0,0,2,0,2,0,0,0,40,0,FF,FF,FF,FF,FF,FF,FF,FF,
2021/09/02, 13:20:09, [    1],[    1],24,0,0,0,5E,0,5C,0,70,0,58,0,E2,0,1,0,1,0,4,0,0,0,2C,0,0,0,0,0,0,0,0,0,0,0,0,0,0,0,0,0,1,0,2D,0,0,0,0,0,0,0,0,0,0,0,0,0,0,0,0,0,2,0,2E,0,52,45,53,45,54,0,0,0,0,0,0,0,0,0,0,0,3,0,2F,0,0,0,0,0,0,0,0,0,0,0,0,0,0,0,0,0,
2021/09/02, 13:20:09, [    3],[    1],25,0,0,0,C0,0,20,0,70,0,1C,0,A3,0,1,0,1,0,0,0,0,0,7,0,0,0,0,0,1,0,6,0,9,0,D,0,F,0,10,0,32,0,70,0,2E,0,A2,0,1,0,1,0,0,0,5,0,1,0,0,0,41,4C,41,52,4D,0,0,0,0,0,0,0,0,0,0,0,0,0,0,0,0,0,0,0,4,0,59,0,0,0,0,0,2C,0,70,0,28,0,A3,0,1,0,1,0,0,0,5,0,D,0,0,0,0,0,1,0,2,0,4,0,5,0,7,0,E,0,F,0,10,0,13,0,14,0,15,0,1A,0,2A,0,70,0,26,0,A3,0,1,0,1,0,0,0,8,0,C,0,0,0,0,0,7,0,C,0,D,0,11,0,12,0,18,0,19,0,1A,0,1D,0,1E,0,22,0,E,0,70,0,A,0,A4,0,1,0,1,0,0,0,0,0,
2021/09/02, 13:20:09, [    8],[    1],26,0,0,0,28,0,26,0,70,0,22,0,DC,0,1,0,1,0,0,1,0,0,3,14,0,0,54,75,72,6E,20,6F,6E,20,73,65,72,76,6F,20,70,6F,77,65,72,20,
2021/09/02, 13:20:12, [  125],[    1],27,0,0,0,4C,0,4A,0,70,0,46,0,D1,0,1,0,1,0,0,0,0,0,0,0,0,0,0,0,0,0,0,0,0,0,1,0,0,0,0,0,0,0,0,0,0,0,0,0,0,0,28,0,0,0,1,0,1,0,FF,FF,0,0,0,0,0,0,0,0,2,0,0,0,40,0,FF,FF,FF,FF,FF,FF,FF,FF,
2021/09/02, 13:20:47, [ 1371],[    1],28,0,0,0,9C,0,12,0,5B,0,0,1,1,0,1,1,0,8,53,45,43,55,52,49,54,59,32,0,5B,0,0,2,3,0,5,0,0,0,0,0,0,0,1,4,1,18,4D,4F,44,45,20,20,20,20,20,20,20,20,45,44,49,54,49,4E,47,20,4D,4F,44,45,1,0,2,0,0,0,0,0,16,0,5C,0,0,2,2,0,2,10,1,14,1,0,0,0,4,10,1,14,11,0,0,0,12,0,5E,0,0,2,0,0,0,0,0,0,2,0,0,0,28,0,0,0,1A,0,52,0,0,0,0,0,3,0,C,1,0,0,1,0,0,0,F,0,0,0,0,0,0,0,0,0,A,0,53,0,1,E,0,0,0,3,0,1,
2021/09/02, 13:20:47, [    1],[    1],29,0,0,0,8,0,6,0,5A,FF,1,0,2,4,
2021/09/02, 13:20:47, [    7],[    1],2A,0,0,0,5E,0,5C,0,70,0,58,0,E2,0,1,0,1,0,4,0,0,0,2C,0,0,0,0,0,0,0,0,0,0,0,0,0,0,0,0,0,1,0,2D,0,0,0,0,0,0,0,0,0,0,0,0,0,0,0,0,0,2,0,2E,0,0,0,0,0,0,0,0,0,0,0,0,0,0,0,0,0,3,0,2F,0,0,0,0,0,0,0,0,0,0,0,0,0,0,0,0,0,
2021/09/02, 13:20:48, [   42],[    1],2B,0,0,0,4,0,2,0,63,0,
2021/09/02, 13:20:48, [    4],[    1],2C,0,0,0,B0,0,1E,0,5B,0,0,1,1,0,1,0,0,13,53,45,43,55,52,49,54,59,20,4D,41,4E,41,47,45,4D,41,4E,54,0,32,0,5B,0,0,2,2,0,7,4,1,1C,55,53,45,52,20,4E,41,4D,45,20,20,20,20,20,20,20,20,20,20,64,2E,65,6C,6C,69,6F,74,74,0,4,2,8,50,41,53,53,57,4F,52,44,1E,0,5C,0,0,2,3,0,2,17,1,10,2,0,0,0,2,17,2,10,1,0,0,0,4,17,2,10,11,0,0,0,12,0,5E,0,0,2,0,0,0,0,0,0,3,0,0,0,38,0,0,0,1A,0,52,0,0,0,0,0,3,0,C,1,0,0,1,0,0,0,F,0,0,0,0,0,0,0,0,0,A,0,53,0,1,E,0,0,0,3,0,1,
2021/09/02, 13:20:48, [    1],[    1],2D,0,0,0,8,0,6,0,5A,FF,1,0,2,4,
2021/09/02, 13:20:48, [    3],[    1],2E,0,0,0,90,1,8E,1,70,0,8A,1,A9,0,1,0,1,0,0,0,0,0,0,0,0,0,0,0,0,0,0,0,0,0,0,0,0,0,0,0,0,0,0,0,0,0,0,0,0,0,0,0,0,0,0,0,0,0,0,0,0,0,0,0,0,0,0,0,0,0,0,0,0,0,0,0,0,0,0,0,0,0,0,0,0,0,0,0,0,0,0,0,0,0,0,0,0,0,0,0,0,0,0,0,0,0,0,0,0,0,0,0,0,0,0,0,0,0,0,0,0,0,0,0,0,0,0,0,0,0,0,0,0,0,0,0,0,0,0,0,0,0,0,0,0,0,0,0,0,0,0,0,0,0,0,0,0,0,0,0,0,0,0,0,0,0,0,0,0,0,0,0,0,0,0,0,0,0,0,0,0,0,0,0,0,0,0,0,0,0,0,0,0,0,0,0,0,0,0,0,0,0,0,0,0,0,0,0,0,0,0,0,0,0,0,0,0,0,0,0,0,0,0,0,0,0,0,0,0,0,0,0,0,0,0,0,0,0,0,0,0,0,0,0,0,0,0,0,0,0,0,0,0,0,0,0,0,0,0,0,0,0,0,0,0,0,0,0,0,0,0,0,0,0,0,0,0,0,0,0,0,0,0,0,0,0,0,0,0,0,0,0,0,0,0,0,0,0,0,0,0,0,0,0,0,0,0,0,0,0,0,0,0,0,0,0,0,0,0,0,0,0,0,0,0,0,0,0,0,0,0,0,0,0,0,0,0,0,0,0,0,0,0,0,0,0,0,0,0,0,0,0,0,0,0,0,0,0,0,0,0,0,0,0,0,0,0,0,0,0,0,0,0,0,0,0,0,0,0,0,0,0,0,0,0,0,0,0,0,0,0,0,0,0,0,0,0,0,0,0,0,0,0,0,0,0,
2021/09/02, 13:20:48, [    3],[    1],2F,0,0,0,5E,0,5C,0,70,0,58,0,E2,0,1,0,1,0,4,0,0,0,2C,0,0,0,0,0,0,0,0,0,0,0,0,0,0,0,0,0,1,0,2D,0,0,0,0,0,0,0,0,0,0,0,0,0,0,0,0,0,2,0,2E,0,50,41,47,45,0,0,0,0,0,0,0,0,0,0,0,0,3,0,2F,0,0,0,0,0,0,0,0,0,0,0,0,0,0,0,0,0,
2021/09/02, 13:20:48, [    1],[    1],30,0,0,0,CA,0,1E,0,70,0,1A,0,C3,0,1,0,1,0,63,0,0,18,10,0,0,0,0,0,0,0,0,0,0,0,0,0,0,0,4A,0,70,0,46,0,D1,0,1,0,1,0,0,0,0,0,0,0,0,0,0,0,0,0,1,0,0,0,0,0,0,0,0,0,0,0,0,0,0,0,0,0,0,0,28,0,0,0,1,0,1,0,FF,FF,0,0,1,0,0,0,0,0,2,0,0,0,40,0,FF,FF,FF,FF,FF,FF,FF,FF,5C,0,70,0,58,0,E2,0,1,0,1,0,4,0,0,0,2C,0,0,0,0,0,0,0,0,0,0,0,0,0,0,0,0,0,1,0,2D,0,0,0,0,0,0,0,0,0,0,0,0,0,0,0,0,0,2,0,2E,0,0,0,0,0,0,0,0,0,0,0,0,0,0,0,0,0,3,0,2F,0,0,0,0,0,0,0,0,0,0,0,0,0,0,0,0,0,
2021/09/02, 13:20:48, [    2],[    1],31,0,0,0,29,0,27,0,70,0,23,0,DC,0,1,0,1,0,0,1,0,0,3,15,0,0,49,6E,70,75,74,20,63,75,72,72,65,6E,74,20,49,44,20,6E,6F,2E,20,
2021/09/02, 13:20:51, [  128],[    1],32,0,0,0,94,0,12,0,5B,0,0,1,1,0,1,1,0,8,53,45,43,55,52,49,54,59,2A,0,5B,0,0,2,2,0,3,4,1,18,4D,4F,44,45,20,20,20,20,20,20,20,20,59,41,53,4B,41,57,41,20,4D,4F,44,45,7,0,2,0,0,0,0,0,16,0,5C,0,0,2,2,0,2,10,1,14,1,0,0,0,4,10,1,14,11,0,0,0,12,0,5E,0,0,2,0,0,0,0,0,0,2,0,0,0,28,0,0,0,1A,0,52,0,0,0,0,0,3,0,C,1,0,0,1,0,0,0,F,0,0,0,0,0,0,0,0,0,A,0,53,0,1,E,0,0,0,3,0,1,
2021/09/02, 13:20:51, [    1],[    1],33,0,0,0,16,0,6,0,5A,FF,1,0,2,4,C,0,70,0,8,0,C4,0,1,0,1,0,0,0,
2021/09/02, 13:20:51, [    1],[    1],34,0,0,0,10,0,E,0,70,0,A,0,A4,0,1,0,1,0,1,0,0,0,
2021/09/02, 13:20:52, [    5],[    1],35,0,0,0,4C,0,4A,0,70,0,46,0,D1,0,1,0,1,0,0,0,0,0,0,0,1,0,0,0,0,0,1,0,0,0,0,0,0,0,0,0,0,0,0,0,0,0,0,0,0,0,28,0,0,0,1,0,7,0,FF,FF,0,0,0,0,0,0,0,0,2,0,0,0,40,0,FF,FF,FF,FF,FF,FF,FF,FF,
2021/09/02, 13:20:52, [    6],[    1],36,0,0,0,10,0,E,0,70,0,A,0,DC,0,1,0,1,0,0,0,0,0,
2021/09/02, 13:20:52, [    1],[    1],37,0,0,0,18,2,32,0,70,0,2E,0,A0,0,1,0,1,0,0,0,0,0,1,0,0,0,50,41,52,41,4D,45,54,45,52,0,0,0,0,0,0,0,0,0,0,0,0,0,0,0,7,0,E,0,FF,FF,0,0,24,0,70,0,20,0,A1,0,1,0,1,0,0,0,B,0,0,0,1,0,2,0,3,0,4,0,5,0,6,0,7,0,8,0,9,0,A,0,32,0,70,0,2E,0,A2,0,1,0,1,0,0,0,0,0,1,0,0,0,4A,4F,42,20,44,45,42,55,47,0,0,0,0,0,0,0,0,0,0,0,0,0,0,0,15,0,0,0,0,0,0,0,22,0,70,0,1E,0,A3,0,1,0,1,0,0,0,0,0,8,0,0,0,0,0,1,0,6,0,9,0,D,0,F,0,10,0,15,0,12,1,70,0,E,1,A2,0,1,0,1,0,0,0,3,0,8,0,0,0,4C,41,44,44,45,52,20,50,52,4F,47,52,41,4D,0,0,0,0,0,0,0,0,0,0,13,0,9D,0,0,0,0,0,49,2F,4F,20,41,4C,41,52,4D,0,0,0,0,0,0,0,0,0,0,0,0,0,0,0,14,0,0,0,0,0,0,0,49,2F,4F,20,4D,45,53,53,41,47,45,0,0,0,0,0,0,0,0,0,0,0,0,0,15,0,0,0,0,0,0,0,53,59,53,54,45,4D,20,49,2F,4F,20,44,49,41,47,0,0,0,0,0,0,0,0,0,19,0,0,0,0,0,0,0,53,45,52,56,4F,20,49,2F,4F,20,44,49,41,47,0,0,0,0,0,0,0,0,0,0,1A,0,0,0,0,0,0,0,56,49,52,54,55,41,4C,20,49,2F,4F,20,4D,4F,4E,49,54,4F,52,0,0,0,0,0,22,0,0,0,0,0,0,0,53,45,52,56,4F,20,4F,4E,20,46,41,43,54,4F,52,0,0,0,0,0,0,0,0,0,23,0,9F,0,0,0,0,0,46,49,45,4C,44,42,55,53,20,55,54,49,4C,49,54,59,0,0,0,0,0,0,0,0,2C,0,0,0,0,0,0,0,50,0,70,0,4C,0,A3,0,1,0,1,0,0,0,3,0,1F,0,0,0,0,0,1,0,2,0,3,0,4,0,5,0,7,0,9,0,A,0,B,0,C,0,D,0,E,0,10,0,11,0,12,0,13,0,14,0,15,0,17,0,19,0,1A,0,1D,0,1E,0,21,0,22,0,23,0,24,0,25,0,26,0,2C,0,
2021/09/02, 13:20:52, [    1],[    2],38,0,0,0,AE,2,72,1,70,0,6E,1,A2,0,1,0,1,0,0,0,4,0,B,0,0,0,53,45,52,56,4F,20,4D,4F,4E,49,54,4F,52,0,0,0,0,0,0,0,0,0,0,0,2,0,29,0,0,0,0,0,44,52,4F,50,20,41,4D,4F,55,4E,54,0,0,0,0,0,0,0,0,0,0,0,0,0,5,0,52,0,0,0,0,0,49,4E,54,45,52,46,45,52,45,4E,43,45,0,0,0,0,0,0,0,0,0,0,0,0,9,0,53,0,0,0,0,0,48,4F,4D,45,20,50,4F,53,49,54,49,4F,4E,0,0,0,0,0,0,0,0,0,0,0,C,0,30,0,0,0,0,0,4D,41,4E,49,50,55,4C,41,54,4F,52,20,54,59,50,45,0,0,0,0,0,0,0,0,D,0,31,0,0,0,0,0,50,4F,53,20,44,49,41,47,4E,4F,53,49,53,0,0,0,0,0,0,0,0,0,0,0,F,0,4E,0,0,0,0,0,41,4E,41,4C,4F,47,20,4D,4F,4E,49,54,4F,52,0,0,0,0,0,0,0,0,0,0,10,0,33,0,0,0,0,0,53,45,52,56,4F,20,44,49,41,47,4E,4F,53,49,53,0,0,0,0,0,0,0,0,0,11,0,29,0,0,0,0,0,41,52,4D,20,43,4F,4E,54,52,4F,4C,0,0,0,0,0,0,0,0,0,0,0,0,0,14,0,36,0,0,0,0,0,53,4F,46,54,4C,49,4D,49,54,20,53,45,54,54,49,4E,47,0,0,0,0,0,0,0,30,0,A5,0,0,0,0,0,52,45,47,45,4E,45,52,41,54,49,4F,4E,20,53,45,54,0,0,0,0,0,0,0,0,33,0,0,0,0,0,0,0,4C,0,70,0,48,0,A3,0,1,0,1,0,0,0,4,0,1D,0,0,0,0,0,1,0,2,0,3,0,4,0,5,0,6,0,7,0,9,0,A,0,B,0,C,0,D,0,E,0,F,0,10,0,11,0,12,0,13,0,14,0,1F,0,20,0,2C,0,2D,0,30,0,32,0,33,0,34,0,38,0,B2,0,70,0,AE,0,A2,0,1,0,1,0,0,0,5,0,5,0,0,0,41,4C,4D,20,43,4F,4E,54,2E,20,43,55,53,54,4F,4D,49,5A,45,0,0,0,0,0,6,0,0,0,93,0,0,0,49,2F,46,20,50,41,4E,45,4C,20,53,45,54,55,50,0,0,0,0,0,0,0,0,0,B,0,5C,0,0,0,0,0,4E,45,54,57,4F,52,4B,20,53,45,52,56,49,43,45,0,0,0,0,0,0,0,0,0,C,0,3B,0,0,0,0,0,4F,46,46,4C,49,4E,45,20,44,45,42,55,47,20,49,4E,46,4F,0,0,0,0,0,0,11,0,0,0,0,0,0,0,55,53,45,52,20,50,41,53,53,57,4F,52,44,0,0,0,0,0,0,0,0,0,0,0,17,0,5D,0,0,0,0,0,36,0,70,0,32,0,A3,0,1,0,1,0,0,0,5,0,12,0,0,0,0,0,1,0,2,0,4,0,5,0,6,0,7,0,B,0,C,0,E,0,F,0,10,0,11,0,13,0,14,0,15,0,17,0,1A,0,
2021/09/02, 13:20:52, [    2],[    2],39,0,0,0,9C,3,52,3,70,0,4E,3,A2,0,1,0,1,0,0,0,7,0,1A,0,0,0,53,31,43,78,47,0,0,0,0,0,0,0,0,0,0,0,0,0,0,0,0,0,0,0,0,0,0,0,0,0,0,0,53,32,43,0,0,0,0,0,0,0,0,0,0,0,0,0,0,0,0,0,0,0,0,0,1,0,0,0,0,0,0,0,53,33,43,0,0,0,0,0,0,0,0,0,0,0,0,0,0,0,0,0,0,0,0,0,2,0,0,0,0,0,0,0,53,34,43,0,0,0,0,0,0,0,0,0,0,0,0,0,0,0,0,0,0,0,0,0,3,0,0,0,0,0,0,0,41,31,50,0,0,0,0,0,0,0,0,0,0,0,0,0,0,0,0,0,0,0,0,0,4,0,0,0,0,0,0,0,41,32,50,0,0,0,0,0,0,0,0,0,0,0,0,0,0,0,0,0,0,0,0,0,5,0,0,0,0,0,0,0,52,53,0,0,0,0,0,0,0,0,0,0,0,0,0,0,0,0,0,0,0,0,0,0,C,0,0,0,0,0,0,0,46,44,0,0,0,0,0,0,0,0,0,0,0,0,0,0,0,0,0,0,0,0,0,0,15,0,0,0,0,0,0,0,43,49,4F,0,0,0,0,0,0,0,0,0,0,0,0,0,0,0,0,0,0,0,0,0,16,0,0,0,0,0,0,0,53,31,44,0,0,0,0,0,0,0,0,0,0,0,0,0,0,0,0,0,0,0,0,0,17,0,0,0,0,0,0,0,53,32,44,0,0,0,0,0,0,0,0,0,0,0,0,0,0,0,0,0,0,0,0,0,18,0,0,0,0,0,0,0,53,33,44,0,0,0,0,0,0,0,0,0,0,0,0,0,0,0,0,0,0,0,0,0,19,0,0,0,0,0,0,0,53,34,44,0,0,0,0,0,0,0,0,0,0,0,0,0,0,0,0,0,0,0,0,0,1A,0,0,0,0,0,0,0,53,56,44,0,0,0,0,0,0,0,0,0,0,0,0,0,0,0,0,0,0,0,0,0,1B,0,0,0,0,0,0,0,53,56,78,47,0,0,0,0,0,0,0,0,0,0,0,0,0,0,0,0,0,0,0,0,1C,0,0,0,0,0,0,0,53,56,4D,78,47,0,0,0,0,0,0,0,0,0,0,0,0,0,0,0,0,0,0,0,1D,0,0,0,0,0,0,0,52,43,44,0,0,0,0,0,0,0,0,0,0,0,0,0,0,0,0,0,0,0,0,0,1E,0,0,0,0,0,0,0,52,43,78,47,0,0,0,0,0,0,0,0,0,0,0,0,0,0,0,0,0,0,0,0,1F,0,0,0,0,0,0,0,52,4F,78,47,0,0,0,0,0,0,0,0,0,0,0,0,0,0,0,0,0,0,0,0,20,0,0,0,0,0,0,0,41,4D,43,78,47,0,0,0,0,0,0,0,0,0,0,0,0,0,0,0,0,0,0,0,21,0,0,0,0,0,0,0,53,56,50,78,47,0,0,0,0,0,0,0,0,0,0,0,0,0,0,0,0,0,0,0,22,0,0,0,0,0,0,0,4D,46,78,47,0,0,0,0,0,0,0,0,0,0,0,0,0,0,0,0,0,0,0,0,23,0,0,0,0,0,0,0,53,56,43,78,42,0,0,0,0,0,0,0,0,0,0,0,0,0,0,0,0,0,0,0,24,0,0,0,0,0,0,0,53,56,53,78,42,0,0,0,0,0,0,0,0,0,0,0,0,0,0,0,0,0,0,0,25,0,0,0,0,0,0,0,52,45,78,47,0,0,0,0,0,0,0,0,0,0,0,0,0,0,0,0,0,0,0,0,26,0,0,0,0,0,0,0,46,4D,53,78,42,0,0,0,0,0,0,0,0,0,0,0,0,0,0,0,0,0,0,0,27,0,0,0,0,0,0,0,46,0,70,0,42,0,A3,0,1,0,1,0,0,0,7,0,1A,0,0,0,0,0,1,0,2,0,3,0,4,0,5,0,C,0,15,0,16,0,17,0,18,0,19,0,1A,0,1B,0,1C,0,1D,0,1E,0,1F,0,20,0,21,0,22,0,23,0,24,0,25,0,26,0,27,0,
2021/09/02, 13:20:52, [    2],[    1],3A,0,0,0,40,2,92,1,70,0,8E,1,A2,0,1,0,1,0,0,0,8,0,C,0,0,0,4F,50,45,52,41,54,45,20,43,4F,4E,44,2E,0,0,0,0,0,0,0,0,0,0,0,1,0,6B,0,0,0,0,0,4F,50,45,52,41,54,45,20,45,4E,41,42,4C,45,0,0,0,0,0,0,0,0,0,0,2,0,68,0,0,0,0,0,46,55,4E,43,54,49,4F,4E,20,45,4E,41,42,4C,45,0,0,0,0,0,0,0,0,0,3,0,69,0,0,0,0,0,4A,4F,47,20,43,4F,4E,44,2E,0,0,0,0,0,0,0,0,0,0,0,0,0,0,0,4,0,6A,0,0,0,0,0,50,4C,41,59,42,41,43,4B,20,43,4F,4E,44,2E,0,0,0,0,0,0,0,0,0,0,5,0,45,0,0,0,0,0,46,55,4E,43,54,49,4F,4E,20,43,4F,4E,44,2E,0,0,0,0,0,0,0,0,0,0,6,0,6C,0,0,0,0,0,4C,4F,47,44,41,54,41,20,43,4F,4E,44,2E,0,0,0,0,0,0,0,0,0,0,0,8,0,7B,0,0,0,0,0,44,41,54,45,2F,54,49,4D,45,0,0,0,0,0,0,0,0,0,0,0,0,0,0,0,9,0,46,0,0,0,0,0,47,52,50,20,43,4F,4D,42,49,4E,41,54,49,4F,4E,0,0,0,0,0,0,0,0,0,A,0,4E,0,0,0,0,0,53,45,54,20,53,50,45,45,44,0,0,0,0,0,0,0,0,0,0,0,0,0,0,0,E,0,4A,0,0,0,0,0,4B,45,59,20,41,4C,4C,4F,43,41,54,49,4F,4E,0,0,0,0,0,0,0,0,0,0,10,0,4B,0,0,0,0,0,41,55,54,4F,20,42,41,43,4B,55,50,20,53,45,54,0,0,0,0,0,0,0,0,0,15,0,57,0,0,0,0,0,42,0,70,0,3E,0,A3,0,1,0,1,0,0,0,8,0,18,0,0,0,0,0,1,0,2,0,3,0,4,0,5,0,6,0,7,0,8,0,9,0,A,0,C,0,D,0,E,0,10,0,11,0,12,0,15,0,18,0,19,0,1A,0,1D,0,1E,0,22,0,32,0,70,0,2E,0,A2,0,1,0,1,0,0,0,A,0,1,0,0,0,50,4D,28,48,41,52,44,57,41,52,45,29,0,0,0,0,0,0,0,0,0,0,0,0,1,0,96,0,0,0,0,0,22,0,70,0,1E,0,A3,0,1,0,1,0,0,0,A,0,8,0,0,0,0,0,1,0,2,0,3,0,4,0,5,0,6,0,7,0,E,0,70,0,A,0,A4,0,1,0,1,0,0,0,0,0,
2021/09/02, 13:20:59, [  267],[    1],3B,0,0,0,F8,0,1A,0,5B,0,0,1,1,0,1,1,0,E,44,45,56,49,43,45,20,2F,20,53,45,54,55,50,0,0,76,0,5B,0,0,2,3,0,7,3,1,23,44,45,56,49,43,45,20,20,20,20,20,20,20,20,20,20,20,20,20,20,20,20,20,20,20,53,44,3A,50,65,6E,64,61,6E,74,0,0,3,2,20,46,49,4C,45,20,53,41,56,45,20,4F,56,45,52,57,52,49,54,45,20,20,20,20,20,20,49,4E,56,41,4C,49,44,0,3,3,20,4A,4F,42,20,4C,4F,41,44,20,4F,56,45,52,57,52,49,54,45,20,20,20,20,20,20,20,49,4E,56,41,4C,49,44,26,0,5C,0,0,2,4,0,2,1C,1,C,1,0,0,0,4,1C,1,C,11,0,0,0,2,1C,2,C,1,0,0,0,2,1C,3,C,1,0,0,0,12,0,5E,0,0,2,0,0,0,0,0,0,4,0,0,0,28,0,0,0,1A,0,52,0,0,0,0,0,3,0,C,1,0,0,1,0,0,0,F,0,0,0,0,0,0,0,0,0,A,0,53,0,1,E,0,0,0,3,0,1,
2021/09/02, 13:20:59, [    1],[    1],3C,0,0,0,8,0,6,0,5A,FF,1,0,2,4,
2021/09/02, 13:21:01, [  117],[    1],3D,0,0,0,10,2,5E,0,5B,0,0,1,3,0,1,0,0,16,45,58,54,45,52,4E,41,4C,20,4D,45,4D,4F,52,59,20,44,45,56,49,43,45,0,0,0,1,1,2B,53,44,3A,50,65,6E,64,61,6E,74,28,4C,4F,41,44,29,20,20,20,55,4E,2D,55,53,45,44,20,4D,45,4D,4F,52,59,20,20,20,2A,2E,2A,2A,20,4B,42,0,0,1,2,6,46,4F,4C,44,45,52,0,0,16,0,5C,0,0,1,2,0,2,24,1,5,2,0,0,0,2,A,2,C,2,0,0,0,56,1,5B,0,0,2,7,0,0,2,0,29,7,65,4A,4F,42,20,20,20,20,20,20,20,20,20,20,20,20,20,20,20,20,20,20,20,20,20,20,20,20,20,20,20,20,20,20,20,20,20,20,20,2A,0,0,0,7,2,1,29,7,65,46,49,4C,45,2F,47,45,4E,45,52,41,4C,20,44,41,54,41,20,20,20,20,20,20,20,20,20,20,20,20,20,20,20,20,20,20,20,20,20,2A,0,0,0,3,2,2,29,7,65,50,41,52,41,4D,45,54,45,52,20,20,20,20,20,20,20,20,20,20,20,20,20,20,20,20,20,20,20,20,20,20,20,20,20,20,20,20,20,2A,0,0,0,3,2,3,29,7,65,49,2F,4F,20,44,41,54,41,20,20,20,20,20,20,20,20,20,20,20,20,20,20,20,20,20,20,20,20,20,20,20,20,20,20,20,20,20,20,2A,0,0,0,0,2,4,29,7,65,53,59,53,54,45,4D,20,44,41,54,41,20,20,20,20,20,20,20,20,20,20,20,20,20,20,20,20,20,20,20,20,20,20,20,20,20,20,20,2A,0,0,0,0,2,5,29,7,66,50,45,4E,44,41,4E,54,20,4C,4F,47,20,20,20,20,20,20,20,20,20,20,20,20,20,20,20,20,20,20,20,20,20,20,20,20,20,20,20,2A,0,0,0,0,2,6,29,7,66,53,59,53,54,45,4D,20,42,41,43,4B,55,50,28,43,4D,4F,53,2E,42,49,4E,29,20,20,20,20,20,20,20,20,20,20,20,20,20,20,20,2A,0,0,0,E,0,5C,0,0,2,1,0,4,4,0,27,11,0,0,0,12,0,5E,0,0,2,0,0,0,0,0,0,7,0,0,0,28,0,0,0,1A,0,52,0,0,0,0,0,3,0,C,1,0,0,3,0,0,0,D,0,0,0,0,0,0,0,0,0,
2021/09/02, 13:21:01, [    1],[    1],3E,0,0,0,14,0,A,0,53,0,1,E,0,0,0,3,0,1,6,0,5A,FF,1,0,2,4,
2021/09/02, 13:21:02, [    7],[    1],3F,0,0,0,B8,1,36,0,5B,0,0,1,1,0,1,1,1,2B,53,44,3A,50,65,6E,64,61,6E,74,28,4C,4F,41,44,29,20,20,20,55,4E,2D,55,53,45,44,20,4D,45,4D,4F,52,59,20,20,31,34,2E,38,32,20,47,42,0,56,1,5B,0,0,2,7,0,1,2,0,29,7,65,4A,4F,42,20,20,20,20,20,20,20,20,20,20,20,20,20,20,20,20,20,20,20,20,20,20,20,20,20,20,20,20,20,20,20,20,20,20,20,30,0,0,0,1,2,1,29,7,65,46,49,4C,45,2F,47,45,4E,45,52,41,4C,20,44,41,54,41,20,20,20,20,20,20,20,20,20,20,20,20,20,20,20,20,20,20,20,20,20,30,0,0,0,1,2,2,29,7,65,50,41,52,41,4D,45,54,45,52,20,20,20,20,20,20,20,20,20,20,20,20,20,20,20,20,20,20,20,20,20,20,20,20,20,20,20,20,20,30,0,0,0,1,2,3,29,7,65,49,2F,4F,20,44,41,54,41,20,20,20,20,20,20,20,20,20,20,20,20,20,20,20,20,20,20,20,20,20,20,20,20,20,20,20,20,20,20,31,0,0,0,1,2,4,29,7,65,53,59,53,54,45,4D,20,44,41,54,41,20,20,20,20,20,20,20,20,20,20,20,20,20,20,20,20,20,20,20,20,20,20,20,20,20,20,20,30,0,0,0,1,2,5,29,7,66,50,45,4E,44,41,4E,54,20,4C,4F,47,20,20,20,20,20,20,20,20,20,20,20,20,20,20,20,20,20,20,20,20,20,20,20,20,20,20,20,30,0,0,0,1,2,6,29,7,66,53,59,53,54,45,4D,20,42,41,43,4B,55,50,28,43,4D,4F,53,2E,42,49,4E,29,20,20,20,20,20,20,20,20,20,20,20,20,20,20,20,30,0,0,0,1A,0,52,0,0,0,0,0,3,0,C,0,0,0,3,0,0,0,D,0,0,0,0,0,0,0,0,0,A,0,53,0,1,E,0,0,0,3,0,1,
2021/09/02, 13:21:04, [   83],[    1],40,0,0,0,48,0,E,0,5B,0,0,2,1,0,4,0,0,0,0,0,0,0,E,0,5C,0,0,2,1,0,4,4,1,27,11,0,0,0,1A,0,52,0,0,0,0,0,2,0,C,0,0,0,3,0,0,0,D,0,0,0,0,0,0,0,0,0,A,0,53,0,1,E,0,0,0,2,0,1,
2021/09/02, 13:21:04, [    9],[    1],41,0,0,0,48,0,E,0,5B,0,0,2,1,0,4,0,1,0,0,0,0,0,E,0,5C,0,0,2,1,0,4,4,2,27,11,0,0,0,1A,0,52,0,0,0,0,0,2,0,C,0,0,0,3,0,0,0,D,0,0,0,0,0,0,0,0,0,A,0,53,0,1,E,0,0,0,2,0,1,
2021/09/02, 13:21:04, [    8],[    1],42,0,0,0,48,0,E,0,5B,0,0,2,1,0,4,0,2,0,0,0,0,0,E,0,5C,0,0,2,1,0,4,4,3,27,11,0,0,0,1A,0,52,0,0,0,0,0,2,0,C,0,0,0,3,0,0,0,D,0,0,0,0,0,0,0,0,0,A,0,53,0,1,E,0,0,0,2,0,1,
2021/09/02, 13:21:05, [   21],[    1],43,0,0,0,10,2,1A,0,5B,0,0,1,1,0,3,1,1,10,53,44,3A,50,65,6E,64,61,6E,74,28,4C,4F,41,44,29,A6,1,5B,0,0,2,8,0,1,1,0,30,7,62,20,20,20,43,2E,49,4F,20,50,52,47,4D,20,20,20,20,20,20,20,20,20,20,20,20,20,20,20,20,20,20,20,20,20,20,43,49,4F,50,52,47,20,20,2E,4C,53,54,1,1,1,30,7,61,20,20,20,49,4F,20,4E,41,4D,45,20,44,41,54,41,20,20,20,20,20,20,20,20,20,20,20,20,20,20,20,20,20,20,20,49,4F,4E,41,4D,45,20,20,2E,44,41,54,1,1,2,30,7,61,20,20,20,50,53,45,55,44,4F,20,49,4E,50,55,54,20,53,49,47,4E,41,4C,20,20,20,20,20,20,20,20,20,20,20,20,50,53,45,55,44,4F,49,4E,2E,44,41,54,5,1,3,30,7,61,20,20,20,45,58,54,45,52,4E,41,4C,20,49,4F,20,4E,41,4D,45,20,44,41,54,41,20,20,20,20,20,20,20,20,20,20,45,58,49,4F,4E,41,4D,45,2E,44,41,54,1,1,4,30,7,61,20,20,20,52,45,47,49,53,54,45,52,20,4E,41,4D,45,20,44,41,54,41,20,20,20,20,20,20,20,20,20,20,20,20,20,49,4F,4D,4E,41,4D,45,20,2E,44,41,54,1,1,5,30,7,61,20,20,20,59,53,46,20,4C,4F,47,49,43,20,46,49,4C,45,20,20,20,20,20,20,20,20,20,20,20,20,20,20,20,20,20,59,53,46,4C,4F,47,49,43,2E,44,41,54,1,1,6,30,7,61,20,20,20,55,53,45,52,20,47,52,4F,55,50,20,49,4E,50,55,54,20,20,20,20,20,20,20,20,20,20,20,20,20,20,20,55,53,52,47,52,50,49,4E,2E,44,41,54,0,1,7,30,7,61,20,20,20,55,53,45,52,20,47,52,4F,55,50,20,4F,55,54,50,55,54,20,20,20,20,20,20,20,20,20,20,20,20,20,20,55,53,52,47,52,50,4F,54,2E,44,41,54,E,0,5C,0,0,2,1,0,4,5,0,2D,11,0,0,0,12,0,5E,0,0,2,0,0,0,0,0,0,8,0,0,0,28,0,0,0,1A,0,52,0,0,0,0,0,3,0,C,1,0,0,3,0,0,0,D,0,0,0,0,0,0,0,0,0,A,0,53,0,1,E,0,0,0,3,0,1,
2021/09/02, 13:21:05, [    1],[    1],44,0,0,0,8,0,6,0,5A,FF,1,0,2,4,
2021/09/02, 13:21:06, [   50],[    1],45,0,0,0,64,0,3A,0,5B,0,0,2,1,0,1,1,0,30,7,62,7,69,20,43,2E,49,4F,20,50,52,47,4D,20,20,20,20,20,20,20,20,20,20,20,20,20,20,20,20,20,20,20,20,20,20,43,49,4F,50,52,47,20,20,2E,4C,53,54,1A,0,52,0,0,0,0,0,2,0,C,0,0,0,3,0,0,0,D,0,0,0,0,0,0,0,0,0,A,0,53,0,1,E,0,0,0,2,0,1,
2021/09/02, 13:21:07, [   30],[    1],46,0,0,0,8,0,6,0,5A,0,7,0,0,4,
2021/09/02, 13:21:07, [    1],[    1],47,0,0,0,C4,0,C2,0,70,0,BE,0,C9,0,1,0,1,0,1,0,0,0,4C,6F,61,64,3F,0,0,0,0,0,0,0,0,0,0,0,0,0,0,0,0,0,0,0,0,0,0,0,0,0,0,0,0,0,0,0,0,0,0,0,0,0,0,0,0,0,0,0,0,0,0,0,0,0,0,0,0,0,0,0,0,0,0,0,0,0,0,0,0,0,0,0,0,0,0,0,0,0,0,0,0,0,0,0,0,0,0,0,0,0,0,0,0,0,0,0,0,0,0,0,0,0,0,0,0,0,0,0,0,0,0,0,0,0,0,0,0,0,0,0,0,0,0,0,0,0,0,0,0,0,0,0,59,45,53,0,0,0,0,0,0,0,0,0,0,0,0,0,4E,4F,0,0,0,0,0,0,0,0,0,0,0,0,0,0,0,0,0,0,0,0,0,0,0,0,0,0,0,0,0,0,
2021/09/02, 13:21:08, [   41],[    1],48,0,0,0,16,0,C,0,70,0,8,0,CA,0,1,0,1,0,0,0,6,0,5A,0,1,0,2,4,
2021/09/02, 13:21:08, [    1],[    1],49,0,0,0,10,1,26,0,5B,0,0,1,2,0,1,0,1,10,53,44,3A,50,65,6E,64,61,6E,74,28,4C,4F,41,44,29,3,0,2,6,46,4F,4C,44,45,52,0,0,E,0,5C,0,0,1,1,0,2,9,2,C,2,0,0,0,8E,0,5B,0,0,2,8,0,5,0,0,16,50,52,4F,47,52,45,53,53,20,20,20,20,20,20,20,20,20,31,20,2F,20,31,0,0,1,0,1,1B,54,52,41,4E,53,4D,49,54,54,45,44,20,46,49,4C,45,20,43,49,4F,50,52,47,2E,4C,53,54,0,1,0,2,20,52,45,53,54,20,20,20,20,20,20,20,20,20,20,20,20,20,20,20,20,20,20,20,36,39,35,31,20,42,59,54,45,1,0,3,0,0,0,0,0,1,0,4,0,0,0,0,0,1,0,5,0,0,0,0,0,1,0,6,0,0,0,0,0,1,0,7,0,0,0,0,0,16,0,5C,0,0,2,2,0,2,11,1,24,2,0,0,0,2,11,2,A,2,0,0,0,12,0,5E,0,0,2,0,0,0,0,0,0,4,0,0,0,28,0,0,0,1A,0,52,0,0,0,0,0,3,0,C,1,0,0,3,0,0,0,D,0,0,0,0,0,0,0,0,0,
2021/09/02, 13:21:08, [    1],[    1],4A,0,0,0,14,0,A,0,53,0,1,E,0,0,0,3,0,1,6,0,5A,0,1,0,2,4,
0000/00/00, 00:00:00, [  913],[    0],0,0,0,0,0,0,
0000/00/00, 00:00:00, [    0],[    0],0,0,0,0,0,0,
0000/00/00, 00:00:00, [    0],[    0],0,0,0,0,0,0,
0000/00/00, 00:00:00, [    0],[    0],0,0,0,0,0,0,
0000/00/00, 00:00:00, [    0],[    0],0,0,0,0,0,0,
0000/00/00, 00:00:00, [    0],[    0],0,0,0,0,0,0,
0000/00/00, 00:00:00, [    0],[    0],0,0,0,0,0,0,
0000/00/00, 00:00:00, [    0],[    0],0,0,0,0,0,0,
0000/00/00, 00:00:00, [    0],[    0],0,0,0,0,0,0,
0000/00/00, 00:00:00, [    0],[    0],0,0,0,0,0,0,
0000/00/00, 00:00:00, [    0],[    0],0,0,0,0,0,0,
0000/00/00, 00:00:00, [    0],[    0],0,0,0,0,0,0,
0000/00/00, 00:00:00, [    0],[    0],0,0,0,0,0,0,
0000/00/00, 00:00:00, [    0],[    0],0,0,0,0,0,0,
0000/00/00, 00:00:00, [    0],[    0],0,0,0,0,0,0,
0000/00/00, 00:00:00, [    0],[    0],0,0,0,0,0,0,
0000/00/00, 00:00:00, [    0],[    0],0,0,0,0,0,0,
0000/00/00, 00:00:00, [    0],[    0],0,0,0,0,0,0,
0000/00/00, 00:00:00, [    0],[    0],0,0,0,0,0,0,
0000/00/00, 00:00:00, [    0],[    0],0,0,0,0,0,0,
0000/00/00, 00:00:00, [    0],[    0],0,0,0,0,0,0,
0000/00/00, 00:00:00, [    0],[    0],0,0,0,0,0,0,
0000/00/00, 00:00:00, [    0],[    0],0,0,0,0,0,0,
0000/00/00, 00:00:00, [    0],[    0],0,0,0,0,0,0,
0000/00/00, 00:00:00, [    0],[    0],0,0,0,0,0,0,
0000/00/00, 00:00:00, [    0],[    0],0,0,0,0,0,0,
