//STEPDIAG 1
2023/09/13
///DUTY-RATIO
FMTV_HOOD_FASH,9,9,0,5,170.4
FMTV_HOOD_FASH,10,10,0,0,100.6
FMTV_HOOD_FASH,10,10,0,5,137.7
,0,0,0,0,0.0
,0,0,0,0,0.0
,0,0,0,0,0.0
,0,0,0,0,0.0
,0,0,0,0,0.0
,0,0,0,0,0.0
,0,0,0,0,0.0
,0,0,0,0,0.0
,0,0,0,0,0.0
,0,0,0,0,0.0
,0,0,0,0,0.0
,0,0,0,0,0.0
,0,0,0,0,0.0
,0,0,0,0,0.0
,0,0,0,0,0.0
,0,0,0,0,0.0
,0,0,0,0,0.0
,0,0,0,0,0.0
,0,0,0,0,0.0
,0,0,0,0,0.0
,0,0,0,0,0.0
,0,0,0,0,0.0
,0,0,0,0,0.0
,0,0,0,0,0.0
,0,0,0,0,0.0
,0,0,0,0,0.0
,0,0,0,0,0.0
,0,0,0,0,0.0
,0,0,0,0,0.0
,0,0,0,0,0.0
,0,0,0,0,0.0
,0,0,0,0,0.0
,0,0,0,0,0.0
,0,0,0,0,0.0
,0,0,0,0,0.0
,0,0,0,0,0.0
,0,0,0,0,0.0
,0,0,0,0,0.0
,0,0,0,0,0.0
,0,0,0,0,0.0
,0,0,0,0,0.0
,0,0,0,0,0.0
,0,0,0,0,0.0
,0,0,0,0,0.0
,0,0,0,0,0.0
,0,0,0,0,0.0
,0,0,0,0,0.0
///OVERHAUL
,0,0,0,0,0
,0,0,0,0,0
,0,0,0,0,0
,0,0,0,0,0
,0,0,0,0,0
,0,0,0,0,0
,0,0,0,0,0
,0,0,0,0,0
,0,0,0,0,0
,0,0,0,0,0
,0,0,0,0,0
,0,0,0,0,0
,0,0,0,0,0
,0,0,0,0,0
,0,0,0,0,0
,0,0,0,0,0
,0,0,0,0,0
,0,0,0,0,0
,0,0,0,0,0
,0,0,0,0,0
,0,0,0,0,0
,0,0,0,0,0
,0,0,0,0,0
,0,0,0,0,0
,0,0,0,0,0
,0,0,0,0,0
,0,0,0,0,0
,0,0,0,0,0
,0,0,0,0,0
,0,0,0,0,0
,0,0,0,0,0
,0,0,0,0,0
,0,0,0,0,0
,0,0,0,0,0
,0,0,0,0,0
,0,0,0,0,0
,0,0,0,0,0
,0,0,0,0,0
,0,0,0,0,0
,0,0,0,0,0
,0,0,0,0,0
,0,0,0,0,0
,0,0,0,0,0
,0,0,0,0,0
,0,0,0,0,0
,0,0,0,0,0
,0,0,0,0,0
,0,0,0,0,0
,0,0,0,0,0
,0,0,0,0,0
///ENCNOISE-LV
,0,0,0,0,0
,0,0,0,0,0
,0,0,0,0,0
,0,0,0,0,0
,0,0,0,0,0
,0,0,0,0,0
,0,0,0,0,0
,0,0,0,0,0
,0,0,0,0,0
,0,0,0,0,0
,0,0,0,0,0
,0,0,0,0,0
,0,0,0,0,0
,0,0,0,0,0
,0,0,0,0,0
,0,0,0,0,0
,0,0,0,0,0
,0,0,0,0,0
,0,0,0,0,0
,0,0,0,0,0
,0,0,0,0,0
,0,0,0,0,0
,0,0,0,0,0
,0,0,0,0,0
,0,0,0,0,0
,0,0,0,0,0
,0,0,0,0,0
,0,0,0,0,0
,0,0,0,0,0
,0,0,0,0,0
,0,0,0,0,0
,0,0,0,0,0
,0,0,0,0,0
,0,0,0,0,0
,0,0,0,0,0
,0,0,0,0,0
,0,0,0,0,0
,0,0,0,0,0
,0,0,0,0,0
,0,0,0,0,0
,0,0,0,0,0
,0,0,0,0,0
,0,0,0,0,0
,0,0,0,0,0
,0,0,0,0,0
,0,0,0,0,0
,0,0,0,0,0
,0,0,0,0,0
,0,0,0,0,0
,0,0,0,0,0
//STEPDIAG 2
2023/08/30
///DUTY-RATIO
FMTV_FENDERS,22,18,0,5,142.2
FMTV_FENDERS,23,19,0,4,105.2
FMTV_FENDERS,23,19,0,5,142.4
,0,0,0,0,0.0
,0,0,0,0,0.0
,0,0,0,0,0.0
,0,0,0,0,0.0
,0,0,0,0,0.0
,0,0,0,0,0.0
,0,0,0,0,0.0
,0,0,0,0,0.0
,0,0,0,0,0.0
,0,0,0,0,0.0
,0,0,0,0,0.0
,0,0,0,0,0.0
,0,0,0,0,0.0
,0,0,0,0,0.0
,0,0,0,0,0.0
,0,0,0,0,0.0
,0,0,0,0,0.0
,0,0,0,0,0.0
,0,0,0,0,0.0
,0,0,0,0,0.0
,0,0,0,0,0.0
,0,0,0,0,0.0
,0,0,0,0,0.0
,0,0,0,0,0.0
,0,0,0,0,0.0
,0,0,0,0,0.0
,0,0,0,0,0.0
,0,0,0,0,0.0
,0,0,0,0,0.0
,0,0,0,0,0.0
,0,0,0,0,0.0
,0,0,0,0,0.0
,0,0,0,0,0.0
,0,0,0,0,0.0
,0,0,0,0,0.0
,0,0,0,0,0.0
,0,0,0,0,0.0
,0,0,0,0,0.0
,0,0,0,0,0.0
,0,0,0,0,0.0
,0,0,0,0,0.0
,0,0,0,0,0.0
,0,0,0,0,0.0
,0,0,0,0,0.0
,0,0,0,0,0.0
,0,0,0,0,0.0
,0,0,0,0,0.0
///OVERHAUL
,0,0,0,0,0
,0,0,0,0,0
,0,0,0,0,0
,0,0,0,0,0
,0,0,0,0,0
,0,0,0,0,0
,0,0,0,0,0
,0,0,0,0,0
,0,0,0,0,0
,0,0,0,0,0
,0,0,0,0,0
,0,0,0,0,0
,0,0,0,0,0
,0,0,0,0,0
,0,0,0,0,0
,0,0,0,0,0
,0,0,0,0,0
,0,0,0,0,0
,0,0,0,0,0
,0,0,0,0,0
,0,0,0,0,0
,0,0,0,0,0
,0,0,0,0,0
,0,0,0,0,0
,0,0,0,0,0
,0,0,0,0,0
,0,0,0,0,0
,0,0,0,0,0
,0,0,0,0,0
,0,0,0,0,0
,0,0,0,0,0
,0,0,0,0,0
,0,0,0,0,0
,0,0,0,0,0
,0,0,0,0,0
,0,0,0,0,0
,0,0,0,0,0
,0,0,0,0,0
,0,0,0,0,0
,0,0,0,0,0
,0,0,0,0,0
,0,0,0,0,0
,0,0,0,0,0
,0,0,0,0,0
,0,0,0,0,0
,0,0,0,0,0
,0,0,0,0,0
,0,0,0,0,0
,0,0,0,0,0
,0,0,0,0,0
///ENCNOISE-LV
,0,0,0,0,0
,0,0,0,0,0
,0,0,0,0,0
,0,0,0,0,0
,0,0,0,0,0
,0,0,0,0,0
,0,0,0,0,0
,0,0,0,0,0
,0,0,0,0,0
,0,0,0,0,0
,0,0,0,0,0
,0,0,0,0,0
,0,0,0,0,0
,0,0,0,0,0
,0,0,0,0,0
,0,0,0,0,0
,0,0,0,0,0
,0,0,0,0,0
,0,0,0,0,0
,0,0,0,0,0
,0,0,0,0,0
,0,0,0,0,0
,0,0,0,0,0
,0,0,0,0,0
,0,0,0,0,0
,0,0,0,0,0
,0,0,0,0,0
,0,0,0,0,0
,0,0,0,0,0
,0,0,0,0,0
,0,0,0,0,0
,0,0,0,0,0
,0,0,0,0,0
,0,0,0,0,0
,0,0,0,0,0
,0,0,0,0,0
,0,0,0,0,0
,0,0,0,0,0
,0,0,0,0,0
,0,0,0,0,0
,0,0,0,0,0
,0,0,0,0,0
,0,0,0,0,0
,0,0,0,0,0
,0,0,0,0,0
,0,0,0,0,0
,0,0,0,0,0
,0,0,0,0,0
,0,0,0,0,0
,0,0,0,0,0
//STEPDIAG 3
2023/08/10
///DUTY-RATIO
FMTV_HOOD_FASH,17,17,0,1,130.3
FMTV_HOOD_FASH,17,17,0,4,148.4
SYS_SPINDLE_STOP,2,0,0,2,149.0
SYS_SPINDLE_STOP,2,0,0,4,158.5
,0,0,0,0,0.0
,0,0,0,0,0.0
,0,0,0,0,0.0
,0,0,0,0,0.0
,0,0,0,0,0.0
,0,0,0,0,0.0
,0,0,0,0,0.0
,0,0,0,0,0.0
,0,0,0,0,0.0
,0,0,0,0,0.0
,0,0,0,0,0.0
,0,0,0,0,0.0
,0,0,0,0,0.0
,0,0,0,0,0.0
,0,0,0,0,0.0
,0,0,0,0,0.0
,0,0,0,0,0.0
,0,0,0,0,0.0
,0,0,0,0,0.0
,0,0,0,0,0.0
,0,0,0,0,0.0
,0,0,0,0,0.0
,0,0,0,0,0.0
,0,0,0,0,0.0
,0,0,0,0,0.0
,0,0,0,0,0.0
,0,0,0,0,0.0
,0,0,0,0,0.0
,0,0,0,0,0.0
,0,0,0,0,0.0
,0,0,0,0,0.0
,0,0,0,0,0.0
,0,0,0,0,0.0
,0,0,0,0,0.0
,0,0,0,0,0.0
,0,0,0,0,0.0
,0,0,0,0,0.0
,0,0,0,0,0.0
,0,0,0,0,0.0
,0,0,0,0,0.0
,0,0,0,0,0.0
,0,0,0,0,0.0
,0,0,0,0,0.0
,0,0,0,0,0.0
,0,0,0,0,0.0
,0,0,0,0,0.0
///OVERHAUL
,0,0,0,0,0
,0,0,0,0,0
,0,0,0,0,0
,0,0,0,0,0
,0,0,0,0,0
,0,0,0,0,0
,0,0,0,0,0
,0,0,0,0,0
,0,0,0,0,0
,0,0,0,0,0
,0,0,0,0,0
,0,0,0,0,0
,0,0,0,0,0
,0,0,0,0,0
,0,0,0,0,0
,0,0,0,0,0
,0,0,0,0,0
,0,0,0,0,0
,0,0,0,0,0
,0,0,0,0,0
,0,0,0,0,0
,0,0,0,0,0
,0,0,0,0,0
,0,0,0,0,0
,0,0,0,0,0
,0,0,0,0,0
,0,0,0,0,0
,0,0,0,0,0
,0,0,0,0,0
,0,0,0,0,0
,0,0,0,0,0
,0,0,0,0,0
,0,0,0,0,0
,0,0,0,0,0
,0,0,0,0,0
,0,0,0,0,0
,0,0,0,0,0
,0,0,0,0,0
,0,0,0,0,0
,0,0,0,0,0
,0,0,0,0,0
,0,0,0,0,0
,0,0,0,0,0
,0,0,0,0,0
,0,0,0,0,0
,0,0,0,0,0
,0,0,0,0,0
,0,0,0,0,0
,0,0,0,0,0
,0,0,0,0,0
///ENCNOISE-LV
,0,0,0,0,0
,0,0,0,0,0
,0,0,0,0,0
,0,0,0,0,0
,0,0,0,0,0
,0,0,0,0,0
,0,0,0,0,0
,0,0,0,0,0
,0,0,0,0,0
,0,0,0,0,0
,0,0,0,0,0
,0,0,0,0,0
,0,0,0,0,0
,0,0,0,0,0
,0,0,0,0,0
,0,0,0,0,0
,0,0,0,0,0
,0,0,0,0,0
,0,0,0,0,0
,0,0,0,0,0
,0,0,0,0,0
,0,0,0,0,0
,0,0,0,0,0
,0,0,0,0,0
,0,0,0,0,0
,0,0,0,0,0
,0,0,0,0,0
,0,0,0,0,0
,0,0,0,0,0
,0,0,0,0,0
,0,0,0,0,0
,0,0,0,0,0
,0,0,0,0,0
,0,0,0,0,0
,0,0,0,0,0
,0,0,0,0,0
,0,0,0,0,0
,0,0,0,0,0
,0,0,0,0,0
,0,0,0,0,0
,0,0,0,0,0
,0,0,0,0,0
,0,0,0,0,0
,0,0,0,0,0
,0,0,0,0,0
,0,0,0,0,0
,0,0,0,0,0
,0,0,0,0,0
,0,0,0,0,0
,0,0,0,0,0
//STEPDIAG 4
2023/06/19
///DUTY-RATIO
FMTV_HOOD_BACK,21,21,0,2,109.6
FMTV_HOOD_BACK,22,22,0,2,194.5
,0,0,0,0,0.0
,0,0,0,0,0.0
,0,0,0,0,0.0
,0,0,0,0,0.0
,0,0,0,0,0.0
,0,0,0,0,0.0
,0,0,0,0,0.0
,0,0,0,0,0.0
,0,0,0,0,0.0
,0,0,0,0,0.0
,0,0,0,0,0.0
,0,0,0,0,0.0
,0,0,0,0,0.0
,0,0,0,0,0.0
,0,0,0,0,0.0
,0,0,0,0,0.0
,0,0,0,0,0.0
,0,0,0,0,0.0
,0,0,0,0,0.0
,0,0,0,0,0.0
,0,0,0,0,0.0
,0,0,0,0,0.0
,0,0,0,0,0.0
,0,0,0,0,0.0
,0,0,0,0,0.0
,0,0,0,0,0.0
,0,0,0,0,0.0
,0,0,0,0,0.0
,0,0,0,0,0.0
,0,0,0,0,0.0
,0,0,0,0,0.0
,0,0,0,0,0.0
,0,0,0,0,0.0
,0,0,0,0,0.0
,0,0,0,0,0.0
,0,0,0,0,0.0
,0,0,0,0,0.0
,0,0,0,0,0.0
,0,0,0,0,0.0
,0,0,0,0,0.0
,0,0,0,0,0.0
,0,0,0,0,0.0
,0,0,0,0,0.0
,0,0,0,0,0.0
,0,0,0,0,0.0
,0,0,0,0,0.0
,0,0,0,0,0.0
,0,0,0,0,0.0
///OVERHAUL
,0,0,0,0,0
,0,0,0,0,0
,0,0,0,0,0
,0,0,0,0,0
,0,0,0,0,0
,0,0,0,0,0
,0,0,0,0,0
,0,0,0,0,0
,0,0,0,0,0
,0,0,0,0,0
,0,0,0,0,0
,0,0,0,0,0
,0,0,0,0,0
,0,0,0,0,0
,0,0,0,0,0
,0,0,0,0,0
,0,0,0,0,0
,0,0,0,0,0
,0,0,0,0,0
,0,0,0,0,0
,0,0,0,0,0
,0,0,0,0,0
,0,0,0,0,0
,0,0,0,0,0
,0,0,0,0,0
,0,0,0,0,0
,0,0,0,0,0
,0,0,0,0,0
,0,0,0,0,0
,0,0,0,0,0
,0,0,0,0,0
,0,0,0,0,0
,0,0,0,0,0
,0,0,0,0,0
,0,0,0,0,0
,0,0,0,0,0
,0,0,0,0,0
,0,0,0,0,0
,0,0,0,0,0
,0,0,0,0,0
,0,0,0,0,0
,0,0,0,0,0
,0,0,0,0,0
,0,0,0,0,0
,0,0,0,0,0
,0,0,0,0,0
,0,0,0,0,0
,0,0,0,0,0
,0,0,0,0,0
,0,0,0,0,0
///ENCNOISE-LV
,0,0,0,0,0
,0,0,0,0,0
,0,0,0,0,0
,0,0,0,0,0
,0,0,0,0,0
,0,0,0,0,0
,0,0,0,0,0
,0,0,0,0,0
,0,0,0,0,0
,0,0,0,0,0
,0,0,0,0,0
,0,0,0,0,0
,0,0,0,0,0
,0,0,0,0,0
,0,0,0,0,0
,0,0,0,0,0
,0,0,0,0,0
,0,0,0,0,0
,0,0,0,0,0
,0,0,0,0,0
,0,0,0,0,0
,0,0,0,0,0
,0,0,0,0,0
,0,0,0,0,0
,0,0,0,0,0
,0,0,0,0,0
,0,0,0,0,0
,0,0,0,0,0
,0,0,0,0,0
,0,0,0,0,0
,0,0,0,0,0
,0,0,0,0,0
,0,0,0,0,0
,0,0,0,0,0
,0,0,0,0,0
,0,0,0,0,0
,0,0,0,0,0
,0,0,0,0,0
,0,0,0,0,0
,0,0,0,0,0
,0,0,0,0,0
,0,0,0,0,0
,0,0,0,0,0
,0,0,0,0,0
,0,0,0,0,0
,0,0,0,0,0
,0,0,0,0,0
,0,0,0,0,0
,0,0,0,0,0
,0,0,0,0,0
//STEPDIAG 5
2023/04/05
///DUTY-RATIO
SYS_SPINDLE_STOP,2,0,0,1,120.3
SYS_SPINDLE_STOP,2,0,0,2,218.4
SYS_SPINDLE_STOP,2,0,0,3,129.5
,0,0,0,0,0.0
,0,0,0,0,0.0
,0,0,0,0,0.0
,0,0,0,0,0.0
,0,0,0,0,0.0
,0,0,0,0,0.0
,0,0,0,0,0.0
,0,0,0,0,0.0
,0,0,0,0,0.0
,0,0,0,0,0.0
,0,0,0,0,0.0
,0,0,0,0,0.0
,0,0,0,0,0.0
,0,0,0,0,0.0
,0,0,0,0,0.0
,0,0,0,0,0.0
,0,0,0,0,0.0
,0,0,0,0,0.0
,0,0,0,0,0.0
,0,0,0,0,0.0
,0,0,0,0,0.0
,0,0,0,0,0.0
,0,0,0,0,0.0
,0,0,0,0,0.0
,0,0,0,0,0.0
,0,0,0,0,0.0
,0,0,0,0,0.0
,0,0,0,0,0.0
,0,0,0,0,0.0
,0,0,0,0,0.0
,0,0,0,0,0.0
,0,0,0,0,0.0
,0,0,0,0,0.0
,0,0,0,0,0.0
,0,0,0,0,0.0
,0,0,0,0,0.0
,0,0,0,0,0.0
,0,0,0,0,0.0
,0,0,0,0,0.0
,0,0,0,0,0.0
,0,0,0,0,0.0
,0,0,0,0,0.0
,0,0,0,0,0.0
,0,0,0,0,0.0
,0,0,0,0,0.0
,0,0,0,0,0.0
,0,0,0,0,0.0
///OVERHAUL
,0,0,0,0,0
,0,0,0,0,0
,0,0,0,0,0
,0,0,0,0,0
,0,0,0,0,0
,0,0,0,0,0
,0,0,0,0,0
,0,0,0,0,0
,0,0,0,0,0
,0,0,0,0,0
,0,0,0,0,0
,0,0,0,0,0
,0,0,0,0,0
,0,0,0,0,0
,0,0,0,0,0
,0,0,0,0,0
,0,0,0,0,0
,0,0,0,0,0
,0,0,0,0,0
,0,0,0,0,0
,0,0,0,0,0
,0,0,0,0,0
,0,0,0,0,0
,0,0,0,0,0
,0,0,0,0,0
,0,0,0,0,0
,0,0,0,0,0
,0,0,0,0,0
,0,0,0,0,0
,0,0,0,0,0
,0,0,0,0,0
,0,0,0,0,0
,0,0,0,0,0
,0,0,0,0,0
,0,0,0,0,0
,0,0,0,0,0
,0,0,0,0,0
,0,0,0,0,0
,0,0,0,0,0
,0,0,0,0,0
,0,0,0,0,0
,0,0,0,0,0
,0,0,0,0,0
,0,0,0,0,0
,0,0,0,0,0
,0,0,0,0,0
,0,0,0,0,0
,0,0,0,0,0
,0,0,0,0,0
,0,0,0,0,0
///ENCNOISE-LV
,0,0,0,0,0
,0,0,0,0,0
,0,0,0,0,0
,0,0,0,0,0
,0,0,0,0,0
,0,0,0,0,0
,0,0,0,0,0
,0,0,0,0,0
,0,0,0,0,0
,0,0,0,0,0
,0,0,0,0,0
,0,0,0,0,0
,0,0,0,0,0
,0,0,0,0,0
,0,0,0,0,0
,0,0,0,0,0
,0,0,0,0,0
,0,0,0,0,0
,0,0,0,0,0
,0,0,0,0,0
,0,0,0,0,0
,0,0,0,0,0
,0,0,0,0,0
,0,0,0,0,0
,0,0,0,0,0
,0,0,0,0,0
,0,0,0,0,0
,0,0,0,0,0
,0,0,0,0,0
,0,0,0,0,0
,0,0,0,0,0
,0,0,0,0,0
,0,0,0,0,0
,0,0,0,0,0
,0,0,0,0,0
,0,0,0,0,0
,0,0,0,0,0
,0,0,0,0,0
,0,0,0,0,0
,0,0,0,0,0
,0,0,0,0,0
,0,0,0,0,0
,0,0,0,0,0
,0,0,0,0,0
,0,0,0,0,0
,0,0,0,0,0
,0,0,0,0,0
,0,0,0,0,0
,0,0,0,0,0
,0,0,0,0,0
//STEPDIAG 6
2023/02/06
///DUTY-RATIO
FMTV_HOOD_BACK,21,21,0,2,125.6
FMTV_HOOD_BACK,22,22,0,2,204.6
FMTV_HOOD_BACK,22,22,0,4,112.2
,0,0,0,0,0.0
,0,0,0,0,0.0
,0,0,0,0,0.0
,0,0,0,0,0.0
,0,0,0,0,0.0
,0,0,0,0,0.0
,0,0,0,0,0.0
,0,0,0,0,0.0
,0,0,0,0,0.0
,0,0,0,0,0.0
,0,0,0,0,0.0
,0,0,0,0,0.0
,0,0,0,0,0.0
,0,0,0,0,0.0
,0,0,0,0,0.0
,0,0,0,0,0.0
,0,0,0,0,0.0
,0,0,0,0,0.0
,0,0,0,0,0.0
,0,0,0,0,0.0
,0,0,0,0,0.0
,0,0,0,0,0.0
,0,0,0,0,0.0
,0,0,0,0,0.0
,0,0,0,0,0.0
,0,0,0,0,0.0
,0,0,0,0,0.0
,0,0,0,0,0.0
,0,0,0,0,0.0
,0,0,0,0,0.0
,0,0,0,0,0.0
,0,0,0,0,0.0
,0,0,0,0,0.0
,0,0,0,0,0.0
,0,0,0,0,0.0
,0,0,0,0,0.0
,0,0,0,0,0.0
,0,0,0,0,0.0
,0,0,0,0,0.0
,0,0,0,0,0.0
,0,0,0,0,0.0
,0,0,0,0,0.0
,0,0,0,0,0.0
,0,0,0,0,0.0
,0,0,0,0,0.0
,0,0,0,0,0.0
,0,0,0,0,0.0
///OVERHAUL
,0,0,0,0,0
,0,0,0,0,0
,0,0,0,0,0
,0,0,0,0,0
,0,0,0,0,0
,0,0,0,0,0
,0,0,0,0,0
,0,0,0,0,0
,0,0,0,0,0
,0,0,0,0,0
,0,0,0,0,0
,0,0,0,0,0
,0,0,0,0,0
,0,0,0,0,0
,0,0,0,0,0
,0,0,0,0,0
,0,0,0,0,0
,0,0,0,0,0
,0,0,0,0,0
,0,0,0,0,0
,0,0,0,0,0
,0,0,0,0,0
,0,0,0,0,0
,0,0,0,0,0
,0,0,0,0,0
,0,0,0,0,0
,0,0,0,0,0
,0,0,0,0,0
,0,0,0,0,0
,0,0,0,0,0
,0,0,0,0,0
,0,0,0,0,0
,0,0,0,0,0
,0,0,0,0,0
,0,0,0,0,0
,0,0,0,0,0
,0,0,0,0,0
,0,0,0,0,0
,0,0,0,0,0
,0,0,0,0,0
,0,0,0,0,0
,0,0,0,0,0
,0,0,0,0,0
,0,0,0,0,0
,0,0,0,0,0
,0,0,0,0,0
,0,0,0,0,0
,0,0,0,0,0
,0,0,0,0,0
,0,0,0,0,0
///ENCNOISE-LV
,0,0,0,0,0
,0,0,0,0,0
,0,0,0,0,0
,0,0,0,0,0
,0,0,0,0,0
,0,0,0,0,0
,0,0,0,0,0
,0,0,0,0,0
,0,0,0,0,0
,0,0,0,0,0
,0,0,0,0,0
,0,0,0,0,0
,0,0,0,0,0
,0,0,0,0,0
,0,0,0,0,0
,0,0,0,0,0
,0,0,0,0,0
,0,0,0,0,0
,0,0,0,0,0
,0,0,0,0,0
,0,0,0,0,0
,0,0,0,0,0
,0,0,0,0,0
,0,0,0,0,0
,0,0,0,0,0
,0,0,0,0,0
,0,0,0,0,0
,0,0,0,0,0
,0,0,0,0,0
,0,0,0,0,0
,0,0,0,0,0
,0,0,0,0,0
,0,0,0,0,0
,0,0,0,0,0
,0,0,0,0,0
,0,0,0,0,0
,0,0,0,0,0
,0,0,0,0,0
,0,0,0,0,0
,0,0,0,0,0
,0,0,0,0,0
,0,0,0,0,0
,0,0,0,0,0
,0,0,0,0,0
,0,0,0,0,0
,0,0,0,0,0
,0,0,0,0,0
,0,0,0,0,0
,0,0,0,0,0
,0,0,0,0,0
//STEPDIAG 7
2023/01/17
///DUTY-RATIO
FMTV_FENDERS,155,151,0,3,100.5
,0,0,0,0,0.0
,0,0,0,0,0.0
,0,0,0,0,0.0
,0,0,0,0,0.0
,0,0,0,0,0.0
,0,0,0,0,0.0
,0,0,0,0,0.0
,0,0,0,0,0.0
,0,0,0,0,0.0
,0,0,0,0,0.0
,0,0,0,0,0.0
,0,0,0,0,0.0
,0,0,0,0,0.0
,0,0,0,0,0.0
,0,0,0,0,0.0
,0,0,0,0,0.0
,0,0,0,0,0.0
,0,0,0,0,0.0
,0,0,0,0,0.0
,0,0,0,0,0.0
,0,0,0,0,0.0
,0,0,0,0,0.0
,0,0,0,0,0.0
,0,0,0,0,0.0
,0,0,0,0,0.0
,0,0,0,0,0.0
,0,0,0,0,0.0
,0,0,0,0,0.0
,0,0,0,0,0.0
,0,0,0,0,0.0
,0,0,0,0,0.0
,0,0,0,0,0.0
,0,0,0,0,0.0
,0,0,0,0,0.0
,0,0,0,0,0.0
,0,0,0,0,0.0
,0,0,0,0,0.0
,0,0,0,0,0.0
,0,0,0,0,0.0
,0,0,0,0,0.0
,0,0,0,0,0.0
,0,0,0,0,0.0
,0,0,0,0,0.0
,0,0,0,0,0.0
,0,0,0,0,0.0
,0,0,0,0,0.0
,0,0,0,0,0.0
,0,0,0,0,0.0
,0,0,0,0,0.0
///OVERHAUL
,0,0,0,0,0
,0,0,0,0,0
,0,0,0,0,0
,0,0,0,0,0
,0,0,0,0,0
,0,0,0,0,0
,0,0,0,0,0
,0,0,0,0,0
,0,0,0,0,0
,0,0,0,0,0
,0,0,0,0,0
,0,0,0,0,0
,0,0,0,0,0
,0,0,0,0,0
,0,0,0,0,0
,0,0,0,0,0
,0,0,0,0,0
,0,0,0,0,0
,0,0,0,0,0
,0,0,0,0,0
,0,0,0,0,0
,0,0,0,0,0
,0,0,0,0,0
,0,0,0,0,0
,0,0,0,0,0
,0,0,0,0,0
,0,0,0,0,0
,0,0,0,0,0
,0,0,0,0,0
,0,0,0,0,0
,0,0,0,0,0
,0,0,0,0,0
,0,0,0,0,0
,0,0,0,0,0
,0,0,0,0,0
,0,0,0,0,0
,0,0,0,0,0
,0,0,0,0,0
,0,0,0,0,0
,0,0,0,0,0
,0,0,0,0,0
,0,0,0,0,0
,0,0,0,0,0
,0,0,0,0,0
,0,0,0,0,0
,0,0,0,0,0
,0,0,0,0,0
,0,0,0,0,0
,0,0,0,0,0
,0,0,0,0,0
///ENCNOISE-LV
,0,0,0,0,0
,0,0,0,0,0
,0,0,0,0,0
,0,0,0,0,0
,0,0,0,0,0
,0,0,0,0,0
,0,0,0,0,0
,0,0,0,0,0
,0,0,0,0,0
,0,0,0,0,0
,0,0,0,0,0
,0,0,0,0,0
,0,0,0,0,0
,0,0,0,0,0
,0,0,0,0,0
,0,0,0,0,0
,0,0,0,0,0
,0,0,0,0,0
,0,0,0,0,0
,0,0,0,0,0
,0,0,0,0,0
,0,0,0,0,0
,0,0,0,0,0
,0,0,0,0,0
,0,0,0,0,0
,0,0,0,0,0
,0,0,0,0,0
,0,0,0,0,0
,0,0,0,0,0
,0,0,0,0,0
,0,0,0,0,0
,0,0,0,0,0
,0,0,0,0,0
,0,0,0,0,0
,0,0,0,0,0
,0,0,0,0,0
,0,0,0,0,0
,0,0,0,0,0
,0,0,0,0,0
,0,0,0,0,0
,0,0,0,0,0
,0,0,0,0,0
,0,0,0,0,0
,0,0,0,0,0
,0,0,0,0,0
,0,0,0,0,0
,0,0,0,0,0
,0,0,0,0,0
,0,0,0,0,0
,0,0,0,0,0
